105769230.77 48076923.08 -48076923.08 16826923.08 12019230.77 2403846.15 16826923.08 -2403846.15 -12019230.77 0.00 0.00 0.00 0.00 0.00 0.00 0.00 0.00 0.00 -7211538.46 2403846.15 -2403846.15 0.00 0.00 0.00 -12019230.77 -16826923.08 16826923.08 0.00 0.00 0.00 0.00 0.00 0.00 -60096153.85 -36057692.31 7211538.46 0.00 0.00 0.00 -60096153.85 -7211538.46 36057692.31
48076923.08 105769230.77 -48076923.08 12019230.77 16826923.08 2403846.15 2403846.15 -7211538.46 -2403846.15 0.00 0.00 0.00 0.00 0.00 0.00 0.00 0.00 0.00 -2403846.15 16826923.08 -12019230.77 0.00 0.00 0.00 -7211538.46 -60096153.85 36057692.31 0.00 0.00 0.00 0.00 0.00 0.00 -36057692.31 -60096153.85 7211538.46 0.00 0.00 0.00 -16826923.08 -12019230.77 16826923.08
-48076923.08 -48076923.08 105769230.77 -2403846.15 -2403846.15 -7211538.46 -12019230.77 2403846.15 16826923.08 0.00 0.00 0.00 0.00 0.00 0.00 0.00 0.00 0.00 2403846.15 -12019230.77 16826923.08 0.00 0.00 0.00 7211538.46 36057692.31 -60096153.85 0.00 0.00 0.00 0.00 0.00 0.00 16826923.08 16826923.08 -12019230.77 0.00 0.00 0.00 36057692.31 7211538.46 -60096153.85
16826923.08 12019230.77 -2403846.15 105769230.77 48076923.08 48076923.08 0.00 0.00 0.00 16826923.08 -2403846.15 12019230.77 -7211538.46 2403846.15 2403846.15 0.00 0.00 0.00 0.00 0.00 0.00 0.00 0.00 0.00 -12019230.77 -16826923.08 -16826923.08 -60096153.85 -36057692.31 -7211538.46 0.00 0.00 0.00 0.00 0.00 0.00 0.00 0.00 0.00 -60096153.85 -7211538.46 -36057692.31
12019230.77 16826923.08 -2403846.15 48076923.08 105769230.77 48076923.08 0.00 0.00 0.00 2403846.15 -7211538.46 2403846.15 -2403846.15 16826923.08 12019230.77 0.00 0.00 0.00 0.00 0.00 0.00 0.00 0.00 0.00 -7211538.46 -60096153.85 -36057692.31 -36057692.31 -60096153.85 -7211538.46 0.00 0.00 0.00 0.00 0.00 0.00 0.00 0.00 0.00 -16826923.08 -12019230.77 -16826923.08
2403846.15 2403846.15 -7211538.46 48076923.08 48076923.08 105769230.77 0.00 0.00 0.00 12019230.77 -2403846.15 16826923.08 -2403846.15 12019230.77 16826923.08 0.00 0.00 0.00 0.00 0.00 0.00 0.00 0.00 0.00 -7211538.46 -36057692.31 -60096153.85 -16826923.08 -16826923.08 -12019230.77 0.00 0.00 0.00 0.00 0.00 0.00 0.00 0.00 0.00 -36057692.31 -7211538.46 -60096153.85
16826923.08 2403846.15 -12019230.77 0.00 0.00 0.00 105769230.77 -48076923.08 -48076923.08 16826923.08 -12019230.77 2403846.15 0.00 0.00 0.00 0.00 0.00 0.00 0.00 0.00 0.00 -7211538.46 -2403846.15 -2403846.15 -12019230.77 16826923.08 16826923.08 0.00 0.00 0.00 0.00 0.00 0.00 -60096153.85 36057692.31 7211538.46 -60096153.85 7211538.46 36057692.31 0.00 0.00 0.00
-2403846.15 -7211538.46 2403846.15 0.00 0.00 0.00 -48076923.08 105769230.77 48076923.08 -12019230.77 16826923.08 -2403846.15 0.00 0.00 0.00 0.00 0.00 0.00 0.00 0.00 0.00 2403846.15 16826923.08 12019230.77 7211538.46 -60096153.85 -36057692.31 0.00 0.00 0.00 0.00 0.00 0.00 36057692.31 -60096153.85 -7211538.46 16826923.08 -12019230.77 -16826923.08 0.00 0.00 0.00
-12019230.77 -2403846.15 16826923.08 0.00 0.00 0.00 -48076923.08 48076923.08 105769230.77 -2403846.15 2403846.15 -7211538.46 0.00 0.00 0.00 0.00 0.00 0.00 0.00 0.00 0.00 2403846.15 12019230.77 16826923.08 7211538.46 -36057692.31 -60096153.85 0.00 0.00 0.00 0.00 0.00 0.00 16826923.08 -16826923.08 -12019230.77 36057692.31 -7211538.46 -60096153.85 0.00 0.00 0.00
0.00 0.00 0.00 16826923.08 2403846.15 12019230.77 16826923.08 -12019230.77 -2403846.15 105769230.77 -48076923.08 48076923.08 0.00 0.00 0.00 -7211538.46 -2403846.15 2403846.15 0.00 0.00 0.00 0.00 0.00 0.00 -12019230.77 16826923.08 -16826923.08 -60096153.85 36057692.31 -7211538.46 0.00 0.00 0.00 0.00 0.00 0.00 -60096153.85 7211538.46 -36057692.31 0.00 0.00 0.00
0.00 0.00 0.00 -2403846.15 -7211538.46 -2403846.15 -12019230.77 16826923.08 2403846.15 -48076923.08 105769230.77 -48076923.08 0.00 0.00 0.00 2403846.15 16826923.08 -12019230.77 0.00 0.00 0.00 0.00 0.00 0.00 7211538.46 -60096153.85 36057692.31 36057692.31 -60096153.85 7211538.46 0.00 0.00 0.00 0.00 0.00 0.00 16826923.08 -12019230.77 16826923.08 0.00 0.00 0.00
0.00 0.00 0.00 12019230.77 2403846.15 16826923.08 2403846.15 -2403846.15 -7211538.46 48076923.08 -48076923.08 105769230.77 0.00 0.00 0.00 -2403846.15 -12019230.77 16826923.08 0.00 0.00 0.00 0.00 0.00 0.00 -7211538.46 36057692.31 -60096153.85 -16826923.08 16826923.08 -12019230.77 0.00 0.00 0.00 0.00 0.00 0.00 -36057692.31 7211538.46 -60096153.85 0.00 0.00 0.00
0.00 0.00 0.00 -7211538.46 -2403846.15 -2403846.15 0.00 0.00 0.00 0.00 0.00 0.00 105769230.77 -48076923.08 -48076923.08 16826923.08 2403846.15 -12019230.77 16826923.08 -12019230.77 2403846.15 0.00 0.00 0.00 0.00 0.00 0.00 -60096153.85 36057692.31 7211538.46 -12019230.77 16826923.08 16826923.08 0.00 0.00 0.00 0.00 0.00 0.00 -60096153.85 7211538.46 36057692.31
0.00 0.00 0.00 2403846.15 16826923.08 12019230.77 0.00 0.00 0.00 0.00 0.00 0.00 -48076923.08 105769230.77 48076923.08 -2403846.15 -7211538.46 2403846.15 -12019230.77 16826923.08 -2403846.15 0.00 0.00 0.00 0.00 0.00 0.00 36057692.31 -60096153.85 -7211538.46 7211538.46 -60096153.85 -36057692.31 0.00 0.00 0.00 0.00 0.00 0.00 16826923.08 -12019230.77 -16826923.08
0.00 0.00 0.00 2403846.15 12019230.77 16826923.08 0.00 0.00 0.00 0.00 0.00 0.00 -48076923.08 48076923.08 105769230.77 -12019230.77 -2403846.15 16826923.08 -2403846.15 2403846.15 -7211538.46 0.00 0.00 0.00 0.00 0.00 0.00 16826923.08 -16826923.08 -12019230.77 7211538.46 -36057692.31 -60096153.85 0.00 0.00 0.00 0.00 0.00 0.00 36057692.31 -7211538.46 -60096153.85
0.00 0.00 0.00 0.00 0.00 0.00 0.00 0.00 0.00 -7211538.46 2403846.15 -2403846.15 16826923.08 -2403846.15 -12019230.77 105769230.77 48076923.08 -48076923.08 0.00 0.00 0.00 16826923.08 12019230.77 2403846.15 0.00 0.00 0.00 -60096153.85 -36057692.31 7211538.46 -12019230.77 -16826923.08 16826923.08 0.00 0.00 0.00 -60096153.85 -7211538.46 36057692.31 0.00 0.00 0.00
0.00 0.00 0.00 0.00 0.00 0.00 0.00 0.00 0.00 -2403846.15 16826923.08 -12019230.77 2403846.15 -7211538.46 -2403846.15 48076923.08 105769230.77 -48076923.08 0.00 0.00 0.00 12019230.77 16826923.08 2403846.15 0.00 0.00 0.00 -36057692.31 -60096153.85 7211538.46 -7211538.46 -60096153.85 36057692.31 0.00 0.00 0.00 -16826923.08 -12019230.77 16826923.08 0.00 0.00 0.00
0.00 0.00 0.00 0.00 0.00 0.00 0.00 0.00 0.00 2403846.15 -12019230.77 16826923.08 -12019230.77 2403846.15 16826923.08 -48076923.08 -48076923.08 105769230.77 0.00 0.00 0.00 -2403846.15 -2403846.15 -7211538.46 0.00 0.00 0.00 16826923.08 16826923.08 -12019230.77 7211538.46 36057692.31 -60096153.85 0.00 0.00 0.00 36057692.31 7211538.46 -60096153.85 0.00 0.00 0.00
-7211538.46 -2403846.15 2403846.15 0.00 0.00 0.00 0.00 0.00 0.00 0.00 0.00 0.00 16826923.08 -12019230.77 -2403846.15 0.00 0.00 0.00 105769230.77 -48076923.08 48076923.08 16826923.08 2403846.15 12019230.77 0.00 0.00 0.00 0.00 0.00 0.00 -12019230.77 16826923.08 -16826923.08 -60096153.85 36057692.31 -7211538.46 0.00 0.00 0.00 -60096153.85 7211538.46 -36057692.31
2403846.15 16826923.08 -12019230.77 0.00 0.00 0.00 0.00 0.00 0.00 0.00 0.00 0.00 -12019230.77 16826923.08 2403846.15 0.00 0.00 0.00 -48076923.08 105769230.77 -48076923.08 -2403846.15 -7211538.46 -2403846.15 0.00 0.00 0.00 0.00 0.00 0.00 7211538.46 -60096153.85 36057692.31 36057692.31 -60096153.85 7211538.46 0.00 0.00 0.00 16826923.08 -12019230.77 16826923.08
-2403846.15 -12019230.77 16826923.08 0.00 0.00 0.00 0.00 0.00 0.00 0.00 0.00 0.00 2403846.15 -2403846.15 -7211538.46 0.00 0.00 0.00 48076923.08 -48076923.08 105769230.77 12019230.77 2403846.15 16826923.08 0.00 0.00 0.00 0.00 0.00 0.00 -7211538.46 36057692.31 -60096153.85 -16826923.08 16826923.08 -12019230.77 0.00 0.00 0.00 -36057692.31 7211538.46 -60096153.85
0.00 0.00 0.00 0.00 0.00 0.00 -7211538.46 2403846.15 2403846.15 0.00 0.00 0.00 0.00 0.00 0.00 16826923.08 12019230.77 -2403846.15 16826923.08 -2403846.15 12019230.77 105769230.77 48076923.08 48076923.08 0.00 0.00 0.00 0.00 0.00 0.00 -12019230.77 -16826923.08 -16826923.08 -60096153.85 -36057692.31 -7211538.46 -60096153.85 -7211538.46 -36057692.31 0.00 0.00 0.00
0.00 0.00 0.00 0.00 0.00 0.00 -2403846.15 16826923.08 12019230.77 0.00 0.00 0.00 0.00 0.00 0.00 12019230.77 16826923.08 -2403846.15 2403846.15 -7211538.46 2403846.15 48076923.08 105769230.77 48076923.08 0.00 0.00 0.00 0.00 0.00 0.00 -7211538.46 -60096153.85 -36057692.31 -36057692.31 -60096153.85 -7211538.46 -16826923.08 -12019230.77 -16826923.08 0.00 0.00 0.00
0.00 0.00 0.00 0.00 0.00 0.00 -2403846.15 12019230.77 16826923.08 0.00 0.00 0.00 0.00 0.00 0.00 2403846.15 2403846.15 -7211538.46 12019230.77 -2403846.15 16826923.08 48076923.08 48076923.08 105769230.77 0.00 0.00 0.00 0.00 0.00 0.00 -7211538.46 -36057692.31 -60096153.85 -16826923.08 -16826923.08 -12019230.77 -36057692.31 -7211538.46 -60096153.85 0.00 0.00 0.00
-12019230.77 -7211538.46 7211538.46 -12019230.77 -7211538.46 -7211538.46 -12019230.77 7211538.46 7211538.46 -12019230.77 7211538.46 -7211538.46 0.00 0.00 0.00 0.00 0.00 0.00 0.00 0.00 0.00 0.00 0.00 0.00 317307692.31 0.00 0.00 -33653846.15 0.00 72115384.62 0.00 0.00 0.00 -33653846.15 0.00 -72115384.62 -100961538.46 -72115384.62 0.00 -100961538.46 72115384.62 0.00
-16826923.08 -60096153.85 36057692.31 -16826923.08 -60096153.85 -36057692.31 16826923.08 -60096153.85 -36057692.31 16826923.08 -60096153.85 36057692.31 0.00 0.00 0.00 0.00 0.00 0.00 0.00 0.00 0.00 0.00 0.00 0.00 0.00 317307692.31 0.00 0.00 14423076.92 0.00 0.00 0.00 0.00 0.00 14423076.92 0.00 -72115384.62 -52884615.38 0.00 72115384.62 -52884615.38 0.00
16826923.08 36057692.31 -60096153.85 -16826923.08 -36057692.31 -60096153.85 16826923.08 -36057692.31 -60096153.85 -16826923.08 36057692.31 -60096153.85 0.00 0.00 0.00 0.00 0.00 0.00 0.00 0.00 0.00 0.00 0.00 0.00 0.00 0.00 317307692.31 72115384.62 0.00 -33653846.15 0.00 0.00 0.00 -72115384.62 0.00 -33653846.15 0.00 0.00 -4807692.31 0.00 0.00 -4807692.31
0.00 0.00 0.00 -60096153.85 -36057692.31 -16826923.08 0.00 0.00 0.00 -60096153.85 36057692.31 -16826923.08 -60096153.85 36057692.31 16826923.08 -60096153.85 -36057692.31 16826923.08 0.00 0.00 0.00 0.00 0.00 0.00 -33653846.15 0.00 72115384.62 317307692.31 0.00 0.00 -33653846.15 0.00 -72115384.62 0.00 0.00 0.00 -4807692.31 0.00 0.00 -4807692.31 0.00 0.00
0.00 0.00 0.00 -36057692.31 -60096153.85 -16826923.08 0.00 0.00 0.00 36057692.31 -60096153.85 16826923.08 36057692.31 -60096153.85 -16826923.08 -36057692.31 -60096153.85 16826923.08 0.00 0.00 0.00 0.00 0.00 0.00 0.00 14423076.92 0.00 0.00 317307692.31 0.00 0.00 14423076.92 0.00 0.00 0.00 0.00 0.00 -52884615.38 -72115384.62 0.00 -52884615.38 72115384.62
0.00 0.00 0.00 -7211538.46 -7211538.46 -12019230.77 0.00 0.00 0.00 -7211538.46 7211538.46 -12019230.77 7211538.46 -7211538.46 -12019230.77 7211538.46 7211538.46 -12019230.77 0.00 0.00 0.00 0.00 0.00 0.00 72115384.62 0.00 -33653846.15 0.00 0.00 317307692.31 -72115384.62 0.00 -33653846.15 0.00 0.00 0.00 0.00 -72115384.62 -100961538.46 0.00 72115384.62 -100961538.46
0.00 0.00 0.00 0.00 0.00 0.00 0.00 0.00 0.00 0.00 0.00 0.00 -12019230.77 7211538.46 7211538.46 -12019230.77 -7211538.46 7211538.46 -12019230.77 7211538.46 -7211538.46 -12019230.77 -7211538.46 -7211538.46 0.00 0.00 0.00 -33653846.15 0.00 -72115384.62 317307692.31 0.00 0.00 -33653846.15 0.00 72115384.62 -100961538.46 72115384.62 0.00 -100961538.46 -72115384.62 0.00
0.00 0.00 0.00 0.00 0.00 0.00 0.00 0.00 0.00 0.00 0.00 0.00 16826923.08 -60096153.85 -36057692.31 -16826923.08 -60096153.85 36057692.31 16826923.08 -60096153.85 36057692.31 -16826923.08 -60096153.85 -36057692.31 0.00 0.00 0.00 0.00 14423076.92 0.00 0.00 317307692.31 0.00 0.00 14423076.92 0.00 72115384.62 -52884615.38 0.00 -72115384.62 -52884615.38 0.00
0.00 0.00 0.00 0.00 0.00 0.00 0.00 0.00 0.00 0.00 0.00 0.00 16826923.08 -36057692.31 -60096153.85 16826923.08 36057692.31 -60096153.85 -16826923.08 36057692.31 -60096153.85 -16826923.08 -36057692.31 -60096153.85 0.00 0.00 0.00 -72115384.62 0.00 -33653846.15 0.00 0.00 317307692.31 72115384.62 0.00 -33653846.15 0.00 0.00 -4807692.31 0.00 0.00 -4807692.31
-60096153.85 -36057692.31 16826923.08 0.00 0.00 0.00 -60096153.85 36057692.31 16826923.08 0.00 0.00 0.00 0.00 0.00 0.00 0.00 0.00 0.00 -60096153.85 36057692.31 -16826923.08 -60096153.85 -36057692.31 -16826923.08 -33653846.15 0.00 -72115384.62 0.00 0.00 0.00 -33653846.15 0.00 72115384.62 317307692.31 0.00 0.00 -4807692.31 0.00 0.00 -4807692.31 0.00 0.00
-36057692.31 -60096153.85 16826923.08 0.00 0.00 0.00 36057692.31 -60096153.85 -16826923.08 0.00 0.00 0.00 0.00 0.00 0.00 0.00 0.00 0.00 36057692.31 -60096153.85 16826923.08 -36057692.31 -60096153.85 -16826923.08 0.00 14423076.92 0.00 0.00 0.00 0.00 0.00 14423076.92 0.00 0.00 317307692.31 0.00 0.00 -52884615.38 72115384.62 0.00 -52884615.38 -72115384.62
7211538.46 7211538.46 -12019230.77 0.00 0.00 0.00 7211538.46 -7211538.46 -12019230.77 0.00 0.00 0.00 0.00 0.00 0.00 0.00 0.00 0.00 -7211538.46 7211538.46 -12019230.77 -7211538.46 -7211538.46 -12019230.77 -72115384.62 0.00 -33653846.15 0.00 0.00 0.00 72115384.62 0.00 -33653846.15 0.00 0.00 317307692.31 0.00 72115384.62 -100961538.46 0.00 -72115384.62 -100961538.46
0.00 0.00 0.00 0.00 0.00 0.00 -60096153.85 16826923.08 36057692.31 -60096153.85 16826923.08 -36057692.31 0.00 0.00 0.00 -60096153.85 -16826923.08 36057692.31 0.00 0.00 0.00 -60096153.85 -16826923.08 -36057692.31 -100961538.46 -72115384.62 0.00 -4807692.31 0.00 0.00 -100961538.46 72115384.62 0.00 -4807692.31 0.00 0.00 384615384.62 0.00 -0.00 67307692.31 -0.00 -0.00
0.00 0.00 0.00 0.00 0.00 0.00 7211538.46 -12019230.77 -7211538.46 7211538.46 -12019230.77 7211538.46 0.00 0.00 0.00 -7211538.46 -12019230.77 7211538.46 0.00 0.00 0.00 -7211538.46 -12019230.77 -7211538.46 -72115384.62 -52884615.38 0.00 0.00 -52884615.38 -72115384.62 72115384.62 -52884615.38 0.00 0.00 -52884615.38 72115384.62 0.00 288461538.46 -0.00 0.00 -28846153.85 -0.00
0.00 0.00 0.00 0.00 0.00 0.00 36057692.31 -16826923.08 -60096153.85 -36057692.31 16826923.08 -60096153.85 0.00 0.00 0.00 36057692.31 16826923.08 -60096153.85 0.00 0.00 0.00 -36057692.31 -16826923.08 -60096153.85 0.00 0.00 -4807692.31 0.00 -72115384.62 -100961538.46 0.00 0.00 -4807692.31 0.00 72115384.62 -100961538.46 -0.00 -0.00 384615384.62 -0.00 0.00 67307692.31
-60096153.85 -16826923.08 36057692.31 -60096153.85 -16826923.08 -36057692.31 0.00 0.00 0.00 0.00 0.00 0.00 -60096153.85 16826923.08 36057692.31 0.00 0.00 0.00 -60096153.85 16826923.08 -36057692.31 0.00 0.00 0.00 -100961538.46 72115384.62 0.00 -4807692.31 0.00 0.00 -100961538.46 -72115384.62 0.00 -4807692.31 0.00 0.00 67307692.31 0.00 -0.00 384615384.62 -0.00 -0.00
-7211538.46 -12019230.77 7211538.46 -7211538.46 -12019230.77 -7211538.46 0.00 0.00 0.00 0.00 0.00 0.00 7211538.46 -12019230.77 -7211538.46 0.00 0.00 0.00 7211538.46 -12019230.77 7211538.46 0.00 0.00 0.00 72115384.62 -52884615.38 0.00 0.00 -52884615.38 72115384.62 -72115384.62 -52884615.38 0.00 0.00 -52884615.38 -72115384.62 -0.00 -28846153.85 0.00 -0.00 288461538.46 0.00
36057692.31 16826923.08 -60096153.85 -36057692.31 -16826923.08 -60096153.85 0.00 0.00 0.00 0.00 0.00 0.00 36057692.31 -16826923.08 -60096153.85 0.00 0.00 0.00 -36057692.31 16826923.08 -60096153.85 0.00 0.00 0.00 0.00 0.00 -4807692.31 0.00 72115384.62 -100961538.46 0.00 0.00 -4807692.31 0.00 -72115384.62 -100961538.46 -0.00 -0.00 67307692.31 -0.00 0.00 384615384.62
