$MeshFormat
2.2 0 8
$EndMeshFormat
$PhysicalNames
4
1 1 "empotrar"
1 2 "nada"
1 3 "fuerza"
2 26 "surface"
$EndPhysicalNames
$Nodes
344
1 0 0 0
2 0 25 0
3 20 0 0
4 15 0 0
5 0 0.999999999996013 0
6 0 1.9999999999921 0
7 0 2.999999999988655 0
8 0 3.99999999998372 0
9 0 4.99999999997853 0
10 0 5.999999999973338 0
11 0 6.999999999968147 0
12 0 7.999999999963289 0
13 0 8.999999999961634 0
14 0 9.999999999959996 0
15 0 10.99999999995836 0
16 0 11.99999999995672 0
17 0 12.99999999995508 0
18 0 13.99999999995344 0
19 0 14.9999999999518 0
20 0 15.9999999999508 0
21 0 16.99999999995622 0
22 0 17.99999999996169 0
23 0 18.99999999996716 0
24 0 19.99999999997264 0
25 0 20.99999999997811 0
26 0 21.99999999998358 0
27 0 22.99999999998905 0
28 0 23.99999999999452 0
29 0.6060606060578024 24.24242424242775 0
30 1.212121212115538 23.48484848485558 0
31 1.818181818173351 22.72727272728331 0
32 2.424242424231146 21.96969696971107 0
33 3.030303030288517 21.21212121213935 0
34 3.636363636345805 20.45454545456774 0
35 4.242424242403093 19.69696969699613 0
36 4.84848484846038 18.93939393942453 0
37 5.454545454517668 18.18181818185291 0
38 6.060606060574956 17.42424242428131 0
39 6.666666666632243 16.66666666670969 0
40 7.272727272689716 15.90909090913785 0
41 7.878787878749476 15.15151515156315 0
42 8.484848484810147 14.39393939398732 0
43 9.090909090871111 13.63636363641111 0
44 9.696969696932074 12.87878787883491 0
45 10.30303030299304 12.1212121212587 0
46 10.90909090905401 11.36363636368249 0
47 11.51515151511498 10.60606060610628 0
48 12.12121212117594 9.84848484853007 0
49 12.72727272723706 9.090909090953669 0
50 13.33333333330047 8.333333333374409 0
51 13.93939393936407 7.575757575794917 0
52 14.54545454542766 6.818181818215425 0
53 15.15151515149125 6.06060606063593 0
54 15.75757575755485 5.303030303056442 0
55 16.36363636361844 4.54545454547695 0
56 16.96969696968203 3.787878787897458 0
57 17.57575757574563 3.030303030317967 0
58 18.18181818180922 2.272727272738475 0
59 18.78787878787281 1.515151515158983 0
60 19.39393939393641 0.7575757575794917 0
61 19.00000000000708 0 0
62 18.00000000001415 0 0
63 17.00000000002123 0 0
64 16.00000000002802 0 0
65 13.99999999999748 0 0
66 12.99999999999496 0 0
67 11.99999999999244 0 0
68 10.99999999999002 0 0
69 9.999999999998737 0 0
70 9.000000000008059 0 0
71 8.000000000017128 0 0
72 7.000000000017661 0 0
73 6.000000000015138 0 0
74 5.000000000012616 0 0
75 4.000000000010091 0 0
76 3.000000000007569 0 0
77 2.000000000005045 0 0
78 1.000000000002521 0 0
79 0.9426273239762448 6.554103073873337 0
80 11.2192707778902 9.65037282137844 0
81 6.526993373589058 0.8805566873461307 0
82 9.386572576163449 11.84438255864224 0
83 0.907877389722675 9.541315145831895 0
84 9.501866762893616 0.8280348383995726 0
85 7.52039304785658 14.22727956350593 0
86 13.02171830055827 7.462829185965809 0
87 0.8824302486032601 12.52117322564817 0
88 12.50100851114969 0.8366863355602767 0
89 5.921750836182467 16.47939184423816 0
90 3.543416084117549 0.9373270915823417 0
91 14.71528025492997 5.033917218729534 0
92 0.8776448300441443 15.52211606129373 0
93 0.9000762453958742 3.530875579052428 0
94 0.8727438949074835 17.509797316177 0
95 16.06125681508275 3.591692163359804 0
96 4.491590907990287 18.09592738297176 0
97 14.63526465643269 0.9275228903687663 0
98 3.354906538842744 19.60287462731478 0
99 16.45077321770362 0.89764392297227 0
100 0.864645037908964 19.50284667759647 0
101 1.517821801789167 0.7498334892894821 0
102 2.135247370688474 21.06845955203852 0
103 17.28801521865587 2.178493890311722 0
104 0.7797451983112629 21.48438226457338 0
105 0.7892457477686948 20.49755043981512 0
106 1.7129364779259 20.12512096986693 0
107 1.699609088431948 19.02787322460835 0
108 0.8717090517160722 18.50988827966804 0
109 1.727192809671448 18.01972324129006 0
110 1.740978561095998 17.0232524621546 0
111 2.593514800070515 17.52872285361293 0
112 2.60387308721589 16.54089787667283 0
113 3.431412731641566 17.00687083643583 0
114 3.460094500679564 16.05107556237452 0
115 2.615787320002606 15.55422281104767 0
116 3.475392375203974 15.07036439391629 0
117 2.614365885949753 14.57050587191997 0
118 3.48590744473572 14.08688332069578 0
119 4.33462889282384 14.58916160948818 0
120 4.347985713819978 13.60610583786709 0
121 3.501074018843131 13.10122558477519 0
122 4.362295596690953 12.62111210381704 0
123 3.515963907052622 12.11507192017402 0
124 4.377176595367073 11.63474680286342 0
125 5.23538149978673 12.14374676551146 0
126 5.253659864712852 11.15731122653558 0
127 4.394655385081442 10.64899879763174 0
128 5.26249959584576 10.16934888821495 0
129 4.409467823384471 9.662245120677277 0
130 5.277505850457038 9.181945867481154 0
131 4.42302933389862 8.674465443166993 0
132 5.287826211396262 8.193994603876394 0
133 6.13446056422729 8.702175611784044 0
134 6.151434225368004 7.713778285712658 0
135 5.303080297012617 7.205292259886766 0
136 6.167840268812157 6.725802902099574 0
137 5.3195209781875 6.216136399477394 0
138 7.015448297886751 7.234018050085383 0
139 7.032166484602332 6.246571573888005 0
140 7.878337648581099 6.755068417099872 0
141 7.896081638544449 5.768317804906939 0
142 8.74146717498374 6.276069650657253 0
143 8.759328160445126 5.289913561837842 0
144 7.052735208641838 5.256928990474125 0
145 7.867705707638312 7.744358308555094 0
146 9.606192223596032 5.797774172224916 0
147 9.622695230614681 4.812414151791155 0
148 8.784319706438506 4.299208614899736 0
149 10.46886035739289 5.31945484543265 0
150 10.48504631079517 4.334428169932768 0
151 6.130383123292624 10.67854072133566 0
152 4.453327469731228 6.696489720943511 0
153 4.470258141487816 5.704871743081826 0
154 11.32893224509984 4.840640015598624 0
155 9.588067689588467 6.783696845094669 0
156 11.34600543049172 3.855131383547 0
157 12.19013666966027 4.362102756376011 0
158 3.544895971925029 10.14541865179399 0
159 3.602434607660947 6.186776403447071 0
160 3.618750264495115 5.193921230361771 0
161 4.48761479380607 4.712361143407115 0
162 3.635475833457381 4.200085038992511 0
163 4.506116086598034 3.717320663482909 0
164 10.50329395881954 3.361699292657367 0
165 12.207344094661 3.376903766990242 0
166 3.652268093714429 3.204476965488214 0
167 4.507143241605478 2.672123713310538 0
168 5.374846069434501 3.226451597364888 0
169 11.31524793579093 5.824851494736302 0
170 5.19221136748396 14.11005020501864 0
171 2.778169072104455 4.68288947595207 0
172 13.05140329941045 3.883861796266027 0
173 13.05473799919386 2.867739135695738 0
174 13.91033871661291 3.40057690909774 0
175 13.01738420170299 4.839709049301076 0
176 3.58647123693541 7.179400460600121 0
177 2.734234658575416 6.669003555119088 0
178 2.718014251366279 7.662426733451782 0
179 2.652634328989256 12.59632497011544 0
180 2.667555252628293 11.60933013250161 0
181 5.383043862570635 2.174560153810893 0
182 6.242523869012151 2.746409358802649 0
183 6.227799742445219 3.745512053558129 0
184 7.097835245057184 3.264379241310156 0
185 7.091381512358153 2.310378385248677 0
186 7.964600019681662 2.790732874816918 0
187 7.986004138248634 1.732468472566029 0
188 8.909680145976346 2.312332309557468 0
189 13.93024307749938 2.421387737221426 0
190 12.19544656784194 2.431702461814425 0
191 5.166794017707051 15.06779667765297 0
192 6.034775314572453 14.61133210130389 0
193 6.035520390702158 13.62875427961081 0
194 14.72253778337157 2.925970638944794 0
195 4.30884283651446 16.55960088458049 0
196 3.657843400648537 2.181117005415862 0
197 2.795063529281125 2.687128805438822 0
198 14.67043137310261 3.939021752830416 0
199 1.853467261546267 7.137377283905161 0
200 1.822437969852257 8.132350522591903 0
201 2.703108203600312 8.657344223555786 0
202 14.79152317719937 1.943120368616357 0
203 15.6455507612188 2.601232400165276 0
204 1.890988284269482 6.119249997803941 0
205 0.9913671165560527 5.545469771704382 0
206 2.74562502023853 1.700292051280805 0
207 1.867555512267265 2.171539398099581 0
208 4.492061148184379 1.571197855062117 0
209 5.449620638934777 1.006633434555973 0
210 1.92373911715404 3.176997572692369 0
211 3.442215911699247 18.0277001390271 0
212 0.9082522973827013 7.56408819527231 0
213 15.56461958567852 1.498987849523672 0
214 1.833993389929984 9.141081303409905 0
215 0.9422864650842144 4.553831557246292 0
216 1.802413597587318 12.08999623901214 0
217 1.817808063680178 11.07875996555661 0
218 1.780961574043392 13.07657537750019 0
219 0.8676309538285901 13.53451995012579 0
220 1.725302491134163 14.06681959423043 0
221 8.823465214467738 3.297568132184606 0
222 0.8796530969276599 16.51290549009595 0
223 5.953911175485802 15.51372957106448 0
224 4.306310307471245 15.54560126986518 0
225 13.89339361341282 4.391046091746313 0
226 12.17116659209515 5.340718904416875 0
227 13.07970894926839 5.8534557153488 0
228 12.12777227906853 6.305544817508798 0
229 11.28015768004224 6.807039750380906 0
230 10.4481325967152 6.304176564868645 0
231 10.43152652560327 7.288322020772039 0
232 9.57584089338885 7.768035481814922 0
233 11.33576998892388 7.946121368686427 0
234 10.42691573468391 8.27170592827504 0
235 9.559086196332608 8.748943814247468 0
236 8.718450372163019 8.24961631460125 0
237 8.714601913953546 9.232425775373891 0
238 9.575372769838637 9.766204037423712 0
239 8.713698246496168 10.21820372599052 0
240 7.866156334310678 9.719426660265423 0
241 7.862431313859419 10.69764185267671 0
242 9.537267846566101 10.73919154080319 0
243 7.006600084666015 10.19899041047751 0
244 7.012049064821248 11.18470085260386 0
245 7.836313583099174 11.64395719524559 0
246 6.989505447246288 12.15755809628671 0
247 7.885133462274777 12.52847291829279 0
248 7.046619884900587 13.26624935226875 0
249 7.004420432042771 9.211694888742183 0
250 6.12809724239488 11.66473886452961 0
251 7.073369971253999 4.262363989152671 0
252 13.52310391159095 0.842768010301054 0
253 13.02927139756701 1.789725047123609 0
254 2.518373522134908 18.48981882620023 0
255 17.49994816234825 0.8368044014566841 0
256 7.001983622006076 8.221404694770394 0
257 6.139653466544339 9.690212873139705 0
258 6.107112570047821 12.66519524269288 0
259 5.213417856421932 13.12916073908632 0
260 8.686924095356892 11.18889484597719 0
261 5.358601250335321 4.22908384157496 0
262 11.50120808899982 0.8324321323169231 0
263 10.50225454243608 0.8532344622971104 0
264 11.01038783576071 1.604181360420474 0
265 9.872430046947107 1.768894154934006 0
266 0.8445178744742484 22.60217824259323 0
267 0.9179452507321134 11.53248085131619 0
268 0.9444515026435094 10.53628113594199 0
269 8.728311581057246 7.262807502970508 0
270 8.498279923478133 0.8221834832636281 0
271 7.50201051949604 0.8199671699667279 0
272 5.33819815278631 5.22385294921125 0
273 0.886247202395918 2.526023484900017 0
274 11.79635835761617 8.920827992079744 0
275 10.50554561962405 10.42172971342405 0
276 12.3805759310749 8.179314990141192 0
277 3.569555049679186 8.170444840972971 0
278 13.58634439104078 6.672105815921098 0
279 5.080688554356835 17.1817929739614 0
280 4.438287887631372 7.685534241070803 0
281 2.765264734316535 5.669989376444605 0
282 14.14356056997283 5.94034214321005 0
283 2.782688023526398 3.688107905263225 0
284 3.531394459066182 11.13025534940246 0
285 2.701549305644368 9.644747453502225 0
286 2.716908038600118 20.32565488390431 0
287 6.185829158982349 5.735644749969503 0
288 16.65081384031462 2.859830362090831 0
289 2.626707623949236 13.5830557865395 0
290 7.8622197303524 8.729821107051372 0
291 6.850826871239803 15.07517738067443 0
292 11.38392326493374 2.945333634826456 0
293 1.914021779994921 4.170638596305899 0
294 6.206088914074173 4.742231095656772 0
295 3.558600948021998 9.15911095561154 0
296 1.748071432507113 16.03468162013138 0
297 7.918002596966425 4.775856710915733 0
298 7.94218089647464 3.778407304223079 0
299 1.737904712113159 15.04709783802679 0
300 9.643093862587712 3.832567878677873 0
301 2.690152990693657 10.62480391756835 0
302 9.700231847632889 2.832671996106392 0
303 0.8618450164784377 14.53008714410383 0
304 6.2641978236304 1.779346912283302 0
305 8.792599775486231 12.73359700304984 0
306 3.925689349402377 18.82236966138686 0
307 10.38109874165397 9.276796467766189 0
308 8.133130061797738 13.48622003712662 0
309 1.861642737905341 10.12838624487051 0
310 1.005834583843488 1.513603861910422 0
311 2.474004944839682 0.8005387476130505 0
312 12.1623343769305 7.231250367086504 0
313 0.9120935078146026 8.563139194505155 0
314 1.88034957538761 5.123678129242865 0
315 18.47762804852412 0.7514960671142265 0
316 15.47958219374724 4.307099641407511 0
317 0.5325399385295179 23.46589019397203 0
318 10.62264452525447 2.452995134457823 0
319 16.43329543726545 1.908840330681186 0
320 2.536458501893773 19.40257142384317 0
321 5.092109221898581 15.93560849117864 0
322 14.0002049895754 1.564978811049451 0
323 11.99068705314629 1.575963593551648 0
324 1.574684010389962 21.86420664727041 0
325 6.700436858313505 14.15296679049775 0
326 10.08867839274788 11.32851847185009 0
327 13.78306012767895 5.203786230409523 0
328 15.50000000001401 0.6550256145266039 0
329 17.95888072466744 1.496893682181315 0
330 8.953652203508767 1.492782651744141 0
331 4.497019574251882 0.7030316762400863 0
332 11.0004013515544 8.801822491848428 0
333 7.000785681625635 1.48459437662458 0
334 4.170303328657453 17.33867907609066 0
335 8.571935171300321 11.97259734097307 0
336 0.7181122716306076 0.6915593089318701 0
337 12.82801208191517 6.686652089835889 0
338 1.922168372595626 1.387161509638668 0
339 17.00000000002125 1.416853559023342 0
340 15.30931259819487 3.429481864991918 0
341 3.200271671584765 18.85058875074952 0
342 1.366007301745515 20.99807956320732 0
343 11.49192986460811 2.193823370130816 0
344 6.559897672405411 15.9550132330852 0
$EndNodes
$Elements
686
1 1 2 1 1 1 5
2 1 2 1 1 5 6
3 1 2 1 1 6 7
4 1 2 1 1 7 8
5 1 2 1 1 8 9
6 1 2 1 1 9 10
7 1 2 1 1 10 11
8 1 2 1 1 11 12
9 1 2 1 1 12 13
10 1 2 1 1 13 14
11 1 2 1 1 14 15
12 1 2 1 1 15 16
13 1 2 1 1 16 17
14 1 2 1 1 17 18
15 1 2 1 1 18 19
16 1 2 1 1 19 20
17 1 2 1 1 20 21
18 1 2 1 1 21 22
19 1 2 1 1 22 23
20 1 2 1 1 23 24
21 1 2 1 1 24 25
22 1 2 1 1 25 26
23 1 2 1 1 26 27
24 1 2 1 1 27 28
25 1 2 1 1 28 2
26 1 2 2 2 2 29
27 1 2 2 2 29 30
28 1 2 2 2 30 31
29 1 2 2 2 31 32
30 1 2 2 2 32 33
31 1 2 2 2 33 34
32 1 2 2 2 34 35
33 1 2 2 2 35 36
34 1 2 2 2 36 37
35 1 2 2 2 37 38
36 1 2 2 2 38 39
37 1 2 2 2 39 40
38 1 2 2 2 40 41
39 1 2 2 2 41 42
40 1 2 2 2 42 43
41 1 2 2 2 43 44
42 1 2 2 2 44 45
43 1 2 2 2 45 46
44 1 2 2 2 46 47
45 1 2 2 2 47 48
46 1 2 2 2 48 49
47 1 2 2 2 49 50
48 1 2 2 2 50 51
49 1 2 2 2 51 52
50 1 2 2 2 52 53
51 1 2 2 2 53 54
52 1 2 2 2 54 55
53 1 2 2 2 55 56
54 1 2 2 2 56 57
55 1 2 2 2 57 58
56 1 2 2 2 58 59
57 1 2 2 2 59 60
58 1 2 2 2 60 3
59 1 2 3 3 3 61
60 1 2 3 3 61 62
61 1 2 3 3 62 63
62 1 2 3 3 63 64
63 1 2 3 3 64 4
64 1 2 2 4 4 65
65 1 2 2 4 65 66
66 1 2 2 4 66 67
67 1 2 2 4 67 68
68 1 2 2 4 68 69
69 1 2 2 4 69 70
70 1 2 2 4 70 71
71 1 2 2 4 71 72
72 1 2 2 4 72 73
73 1 2 2 4 73 74
74 1 2 2 4 74 75
75 1 2 2 4 75 76
76 1 2 2 4 76 77
77 1 2 2 4 77 78
78 1 2 2 4 78 1
79 2 2 26 1 90 196 208
80 2 2 26 1 195 279 321
81 2 2 26 1 73 74 209
82 2 2 26 1 167 181 208
83 2 2 26 1 279 89 321
84 2 2 26 1 2 29 28
85 2 2 26 1 196 90 206
86 2 2 26 1 238 275 307
87 2 2 26 1 91 198 225
88 2 2 26 1 233 274 276
89 2 2 26 1 97 202 213
90 2 2 26 1 265 188 302
91 2 2 26 1 248 85 308
92 2 2 26 1 82 242 260
93 2 2 26 1 196 167 208
94 2 2 26 1 9 10 205
95 2 2 26 1 242 82 326
96 2 2 26 1 81 73 209
97 2 2 26 1 203 95 288
98 2 2 26 1 208 181 209
99 2 2 26 1 210 207 273
100 2 2 26 1 273 207 310
101 2 2 26 1 93 210 273
102 2 2 26 1 97 213 328
103 2 2 26 1 293 215 314
104 2 2 26 1 238 242 275
105 2 2 26 1 310 207 338
106 2 2 26 1 210 93 293
107 2 2 26 1 188 265 330
108 2 2 26 1 93 215 293
109 2 2 26 1 173 189 253
110 2 2 26 1 199 79 212
111 2 2 26 1 274 233 332
112 2 2 26 1 79 11 212
113 2 2 26 1 209 74 331
114 2 2 26 1 198 91 316
115 2 2 26 1 275 80 307
116 2 2 26 1 215 205 314
117 2 2 26 1 95 203 340
118 2 2 26 1 79 199 204
119 2 2 26 1 85 248 325
120 2 2 26 1 9 205 215
121 2 2 26 1 214 200 313
122 2 2 26 1 214 83 309
123 2 2 26 1 227 278 282
124 2 2 26 1 30 266 317
125 2 2 26 1 11 12 212
126 2 2 26 1 10 79 205
127 2 2 26 1 14 15 268
128 2 2 26 1 190 173 253
129 2 2 26 1 247 248 308
130 2 2 26 1 266 27 317
131 2 2 26 1 83 268 309
132 2 2 26 1 91 225 327
133 2 2 26 1 193 248 258
134 2 2 26 1 227 282 327
135 2 2 26 1 60 3 61
136 2 2 26 1 83 214 313
137 2 2 26 1 106 102 286
138 2 2 26 1 248 246 258
139 2 2 26 1 233 276 312
140 2 2 26 1 83 14 268
141 2 2 26 1 216 217 267
142 2 2 26 1 87 216 267
143 2 2 26 1 126 125 250
144 2 2 26 1 15 267 268
145 2 2 26 1 220 117 289
146 2 2 26 1 101 310 338
147 2 2 26 1 253 189 322
148 2 2 26 1 216 87 218
149 2 2 26 1 218 87 219
150 2 2 26 1 79 204 205
151 2 2 26 1 243 151 244
152 2 2 26 1 27 28 317
153 2 2 26 1 187 270 271
154 2 2 26 1 192 223 291
155 2 2 26 1 151 126 250
156 2 2 26 1 99 213 319
157 2 2 26 1 30 31 266
158 2 2 26 1 246 250 258
159 2 2 26 1 43 305 308
160 2 2 26 1 244 151 250
161 2 2 26 1 218 220 289
162 2 2 26 1 151 243 257
163 2 2 26 1 250 125 258
164 2 2 26 1 133 249 256
165 2 2 26 1 200 212 313
166 2 2 26 1 208 209 331
167 2 2 26 1 130 128 257
168 2 2 26 1 102 106 342
169 2 2 26 1 92 299 303
170 2 2 26 1 29 30 317
171 2 2 26 1 248 193 325
172 2 2 26 1 92 296 299
173 2 2 26 1 117 220 299
174 2 2 26 1 267 217 268
175 2 2 26 1 92 222 296
176 2 2 26 1 249 133 257
177 2 2 26 1 20 21 222
178 2 2 26 1 93 8 215
179 2 2 26 1 8 9 215
180 2 2 26 1 256 249 290
181 2 2 26 1 145 256 290
182 2 2 26 1 62 255 315
183 2 2 26 1 219 18 303
184 2 2 26 1 92 20 222
185 2 2 26 1 96 211 306
186 2 2 26 1 206 90 311
187 2 2 26 1 299 220 303
188 2 2 26 1 128 151 257
189 2 2 26 1 229 231 233
190 2 2 26 1 133 130 257
191 2 2 26 1 94 108 109
192 2 2 26 1 94 22 108
193 2 2 26 1 236 145 290
194 2 2 26 1 94 109 110
195 2 2 26 1 265 302 318
196 2 2 26 1 243 249 257
197 2 2 26 1 234 232 235
198 2 2 26 1 209 181 304
199 2 2 26 1 145 236 269
200 2 2 26 1 81 209 304
201 2 2 26 1 229 230 231
202 2 2 26 1 87 17 219
203 2 2 26 1 146 155 230
204 2 2 26 1 21 94 222
205 2 2 26 1 148 221 298
206 2 2 26 1 17 18 219
207 2 2 26 1 231 232 234
208 2 2 26 1 149 146 230
209 2 2 26 1 25 104 105
210 2 2 26 1 218 219 220
211 2 2 26 1 114 195 224
212 2 2 26 1 230 155 231
213 2 2 26 1 212 12 313
214 2 2 26 1 63 99 255
215 2 2 26 1 144 251 294
216 2 2 26 1 251 183 294
217 2 2 26 1 22 23 108
218 2 2 26 1 198 174 225
219 2 2 26 1 175 226 227
220 2 2 26 1 221 186 298
221 2 2 26 1 100 105 106
222 2 2 26 1 211 111 254
223 2 2 26 1 110 109 111
224 2 2 26 1 175 157 226
225 2 2 26 1 252 88 253
226 2 2 26 1 155 142 269
227 2 2 26 1 111 109 254
228 2 2 26 1 125 122 259
229 2 2 26 1 201 285 295
230 2 2 26 1 116 114 224
231 2 2 26 1 263 84 265
232 2 2 26 1 66 88 252
233 2 2 26 1 232 155 269
234 2 2 26 1 300 164 302
235 2 2 26 1 228 169 229
236 2 2 26 1 305 247 308
237 2 2 26 1 233 231 234
238 2 2 26 1 258 125 259
239 2 2 26 1 236 232 269
240 2 2 26 1 69 84 263
241 2 2 26 1 100 106 107
242 2 2 26 1 100 24 105
243 2 2 26 1 226 169 228
244 2 2 26 1 25 26 104
245 2 2 26 1 220 219 303
246 2 2 26 1 62 63 255
247 2 2 26 1 63 64 99
248 2 2 26 1 113 111 211
249 2 2 26 1 285 158 295
250 2 2 26 1 134 133 256
251 2 2 26 1 109 107 254
252 2 2 26 1 112 111 113
253 2 2 26 1 242 239 260
254 2 2 26 1 297 148 298
255 2 2 26 1 194 174 198
256 2 2 26 1 169 149 230
257 2 2 26 1 114 113 195
258 2 2 26 1 174 172 225
259 2 2 26 1 192 191 223
260 2 2 26 1 157 154 226
261 2 2 26 1 170 191 192
262 2 2 26 1 172 157 175
263 2 2 26 1 170 119 191
264 2 2 26 1 23 24 100
265 2 2 26 1 97 65 252
266 2 2 26 1 231 155 232
267 2 2 26 1 110 111 112
268 2 2 26 1 227 226 228
269 2 2 26 1 16 87 267
270 2 2 26 1 154 149 169
271 2 2 26 1 262 263 264
272 2 2 26 1 4 65 97
273 2 2 26 1 172 175 225
274 2 2 26 1 24 25 105
275 2 2 26 1 146 142 155
276 2 2 26 1 118 116 119
277 2 2 26 1 140 138 145
278 2 2 26 1 154 169 226
279 2 2 26 1 21 22 94
280 2 2 26 1 72 81 271
281 2 2 26 1 120 119 170
282 2 2 26 1 142 140 269
283 2 2 26 1 241 245 260
284 2 2 26 1 239 241 260
285 2 2 26 1 163 161 261
286 2 2 26 1 112 113 114
287 2 2 26 1 88 67 262
288 2 2 26 1 238 239 242
289 2 2 26 1 193 258 259
290 2 2 26 1 66 67 88
291 2 2 26 1 235 232 236
292 2 2 26 1 245 246 247
293 2 2 26 1 19 20 92
294 2 2 26 1 235 237 238
295 2 2 26 1 124 122 125
296 2 2 26 1 262 68 263
297 2 2 26 1 119 116 224
298 2 2 26 1 184 183 251
299 2 2 26 1 138 134 256
300 2 2 26 1 241 244 245
301 2 2 26 1 188 186 221
302 2 2 26 1 264 263 265
303 2 2 26 1 68 69 263
304 2 2 26 1 94 110 222
305 2 2 26 1 128 126 151
306 2 2 26 1 182 168 183
307 2 2 26 1 16 17 87
308 2 2 26 1 122 120 259
309 2 2 26 1 261 161 272
310 2 2 26 1 15 16 267
311 2 2 26 1 277 131 280
312 2 2 26 1 182 183 184
313 2 2 26 1 65 66 252
314 2 2 26 1 118 119 120
315 2 2 26 1 84 70 270
316 2 2 26 1 26 27 266
317 2 2 26 1 168 163 261
318 2 2 26 1 170 192 193
319 2 2 26 1 143 142 146
320 2 2 26 1 139 138 140
321 2 2 26 1 141 140 142
322 2 2 26 1 23 100 108
323 2 2 26 1 13 14 83
324 2 2 26 1 147 146 149
325 2 2 26 1 153 137 272
326 2 2 26 1 145 138 256
327 2 2 26 1 221 300 302
328 2 2 26 1 173 172 174
329 2 2 26 1 69 70 84
330 2 2 26 1 202 194 203
331 2 2 26 1 165 157 172
332 2 2 26 1 140 145 269
333 2 2 26 1 156 154 157
334 2 2 26 1 10 11 79
335 2 2 26 1 183 168 261
336 2 2 26 1 238 237 239
337 2 2 26 1 150 149 154
338 2 2 26 1 132 130 133
339 2 2 26 1 136 134 138
340 2 2 26 1 191 119 224
341 2 2 26 1 189 174 194
342 2 2 26 1 270 71 271
343 2 2 26 1 251 297 298
344 2 2 26 1 247 246 248
345 2 2 26 1 67 68 262
346 2 2 26 1 245 244 246
347 2 2 26 1 124 125 126
348 2 2 26 1 176 277 280
349 2 2 26 1 71 72 271
350 2 2 26 1 161 153 272
351 2 2 26 1 178 200 201
352 2 2 26 1 70 71 270
353 2 2 26 1 235 236 237
354 2 2 26 1 181 168 182
355 2 2 26 1 72 73 81
356 2 2 26 1 132 133 134
357 2 2 26 1 185 184 186
358 2 2 26 1 108 107 109
359 2 2 26 1 7 93 273
360 2 2 26 1 178 201 277
361 2 2 26 1 167 163 168
362 2 2 26 1 221 148 300
363 2 2 26 1 104 26 266
364 2 2 26 1 6 7 273
365 2 2 26 1 187 186 188
366 2 2 26 1 75 76 90
367 2 2 26 1 7 8 93
368 2 2 26 1 183 261 294
369 2 2 26 1 197 210 283
370 2 2 26 1 229 169 230
371 2 2 26 1 77 78 101
372 2 2 26 1 136 138 139
373 2 2 26 1 201 200 214
374 2 2 26 1 139 140 141
375 2 2 26 1 141 142 143
376 2 2 26 1 115 114 116
377 2 2 26 1 117 116 118
378 2 2 26 1 143 146 147
379 2 2 26 1 197 207 210
380 2 2 26 1 182 184 185
381 2 2 26 1 123 122 124
382 2 2 26 1 239 240 241
383 2 2 26 1 121 120 122
384 2 2 26 1 167 168 181
385 2 2 26 1 127 126 128
386 2 2 26 1 241 243 244
387 2 2 26 1 152 159 176
388 2 2 26 1 147 149 150
389 2 2 26 1 129 128 130
390 2 2 26 1 150 154 156
391 2 2 26 1 120 170 259
392 2 2 26 1 135 134 136
393 2 2 26 1 156 157 165
394 2 2 26 1 176 177 178
395 2 2 26 1 197 206 207
396 2 2 26 1 160 153 161
397 2 2 26 1 272 137 287
398 2 2 26 1 165 172 173
399 2 2 26 1 185 186 187
400 2 2 26 1 131 130 132
401 2 2 26 1 166 163 167
402 2 2 26 1 166 196 197
403 2 2 26 1 251 144 297
404 2 2 26 1 178 199 200
405 2 2 26 1 44 45 82
406 2 2 26 1 47 48 80
407 2 2 26 1 132 134 135
408 2 2 26 1 166 167 196
409 2 2 26 1 176 159 177
410 2 2 26 1 197 196 206
411 2 2 26 1 162 161 163
412 2 2 26 1 46 47 275
413 2 2 26 1 160 162 171
414 2 2 26 1 173 174 189
415 2 2 26 1 127 128 129
416 2 2 26 1 48 49 274
417 2 2 26 1 239 237 240
418 2 2 26 1 112 114 115
419 2 2 26 1 41 42 85
420 2 2 26 1 162 163 166
421 2 2 26 1 124 126 127
422 2 2 26 1 152 176 280
423 2 2 26 1 199 177 204
424 2 2 26 1 135 136 137
425 2 2 26 1 135 137 152
426 2 2 26 1 49 50 276
427 2 2 26 1 121 122 123
428 2 2 26 1 178 177 199
429 2 2 26 1 160 161 162
430 2 2 26 1 246 244 250
431 2 2 26 1 176 178 277
432 2 2 26 1 159 153 160
433 2 2 26 1 118 120 121
434 2 2 26 1 129 130 131
435 2 2 26 1 131 132 280
436 2 2 26 1 50 51 86
437 2 2 26 1 189 194 202
438 2 2 26 1 152 153 159
439 2 2 26 1 132 135 280
440 2 2 26 1 152 137 153
441 2 2 26 1 38 39 89
442 2 2 26 1 51 52 278
443 2 2 26 1 272 287 294
444 2 2 26 1 241 240 243
445 2 2 26 1 170 193 259
446 2 2 26 1 139 141 144
447 2 2 26 1 200 199 212
448 2 2 26 1 277 201 295
449 2 2 26 1 179 216 218
450 2 2 26 1 287 144 294
451 2 2 26 1 100 107 108
452 2 2 26 1 52 53 282
453 2 2 26 1 143 147 148
454 2 2 26 1 115 116 117
455 2 2 26 1 124 127 284
456 2 2 26 1 123 124 284
457 2 2 26 1 135 152 280
458 2 2 26 1 202 203 213
459 2 2 26 1 127 129 158
460 2 2 26 1 53 54 91
461 2 2 26 1 166 197 283
462 2 2 26 1 160 171 281
463 2 2 26 1 37 38 279
464 2 2 26 1 201 214 285
465 2 2 26 1 118 121 289
466 2 2 26 1 47 80 275
467 2 2 26 1 40 41 291
468 2 2 26 1 171 162 283
469 2 2 26 1 216 180 217
470 2 2 26 1 80 48 274
471 2 2 26 1 162 166 283
472 2 2 26 1 159 160 281
473 2 2 26 1 117 118 289
474 2 2 26 1 177 159 281
475 2 2 26 1 243 240 249
476 2 2 26 1 179 123 180
477 2 2 26 1 204 177 281
478 2 2 26 1 237 236 290
479 2 2 26 1 137 136 287
480 2 2 26 1 150 156 164
481 2 2 26 1 186 184 298
482 2 2 26 1 121 123 179
483 2 2 26 1 36 37 96
484 2 2 26 1 34 35 98
485 2 2 26 1 274 49 276
486 2 2 26 1 127 158 284
487 2 2 26 1 136 139 287
488 2 2 26 1 240 237 290
489 2 2 26 1 55 56 95
490 2 2 26 1 50 86 276
491 2 2 26 1 179 180 216
492 2 2 26 1 139 144 287
493 2 2 26 1 33 34 286
494 2 2 26 1 180 123 284
495 2 2 26 1 86 51 278
496 2 2 26 1 41 85 291
497 2 2 26 1 165 173 190
498 2 2 26 1 121 179 289
499 2 2 26 1 278 52 282
500 2 2 26 1 56 57 288
501 2 2 26 1 90 208 331
502 2 2 26 1 283 210 293
503 2 2 26 1 32 33 102
504 2 2 26 1 249 240 290
505 2 2 26 1 38 89 279
506 2 2 26 1 179 218 289
507 2 2 26 1 53 91 282
508 2 2 26 1 129 131 295
509 2 2 26 1 131 277 295
510 2 2 26 1 57 58 103
511 2 2 26 1 261 272 294
512 2 2 26 1 156 165 292
513 2 2 26 1 171 283 293
514 2 2 26 1 110 112 296
515 2 2 26 1 144 141 297
516 2 2 26 1 96 37 279
517 2 2 26 1 143 148 297
518 2 2 26 1 164 156 292
519 2 2 26 1 158 129 295
520 2 2 26 1 165 190 292
521 2 2 26 1 112 115 296
522 2 2 26 1 34 98 286
523 2 2 26 1 141 143 297
524 2 2 26 1 222 110 296
525 2 2 26 1 95 56 288
526 2 2 26 1 184 251 298
527 2 2 26 1 102 33 286
528 2 2 26 1 203 288 319
529 2 2 26 1 148 147 300
530 2 2 26 1 115 117 299
531 2 2 26 1 217 180 301
532 2 2 26 1 57 103 288
533 2 2 26 1 150 164 300
534 2 2 26 1 158 285 301
535 2 2 26 1 284 158 301
536 2 2 26 1 147 150 300
537 2 2 26 1 296 115 299
538 2 2 26 1 228 229 312
539 2 2 26 1 188 221 302
540 2 2 26 1 291 223 344
541 2 2 26 1 270 187 330
542 2 2 26 1 180 284 301
543 2 2 26 1 18 19 303
544 2 2 26 1 202 97 322
545 2 2 26 1 211 96 334
546 2 2 26 1 315 255 329
547 2 2 26 1 182 185 304
548 2 2 26 1 43 44 305
549 2 2 26 1 205 204 314
550 2 2 26 1 285 214 309
551 2 2 26 1 234 235 307
552 2 2 26 1 42 43 308
553 2 2 26 1 5 6 310
554 2 2 26 1 36 96 306
555 2 2 26 1 98 35 306
556 2 2 26 1 90 76 311
557 2 2 26 1 77 101 311
558 2 2 26 1 275 242 326
559 2 2 26 1 61 62 315
560 2 2 26 1 12 13 313
561 2 2 26 1 213 99 328
562 2 2 26 1 190 253 323
563 2 2 26 1 19 92 303
564 2 2 26 1 171 293 314
565 2 2 26 1 204 281 314
566 2 2 26 1 233 234 332
567 2 2 26 1 187 271 333
568 2 2 26 1 181 182 304
569 2 2 26 1 99 319 339
570 2 2 26 1 268 217 309
571 2 2 26 1 91 54 316
572 2 2 26 1 55 95 316
573 2 2 26 1 224 195 321
574 2 2 26 1 217 301 309
575 2 2 26 1 279 195 334
576 2 2 26 1 89 223 321
577 2 2 26 1 35 36 306
578 2 2 26 1 44 82 305
579 2 2 26 1 187 188 330
580 2 2 26 1 235 238 307
581 2 2 26 1 282 91 327
582 2 2 26 1 253 88 323
583 2 2 26 1 252 253 322
584 2 2 26 1 85 42 308
585 2 2 26 1 6 273 310
586 2 2 26 1 223 191 321
587 2 2 26 1 262 264 323
588 2 2 26 1 229 233 312
589 2 2 26 1 175 227 327
590 2 2 26 1 76 77 311
591 2 2 26 1 265 84 330
592 2 2 26 1 301 285 309
593 2 2 26 1 99 64 328
594 2 2 26 1 106 105 342
595 2 2 26 1 254 107 320
596 2 2 26 1 13 83 313
597 2 2 26 1 4 97 328
598 2 2 26 1 276 86 312
599 2 2 26 1 82 45 326
600 2 2 26 1 46 275 326
601 2 2 26 1 316 95 340
602 2 2 26 1 185 187 333
603 2 2 26 1 113 211 334
604 2 2 26 1 32 102 324
605 2 2 26 1 281 171 314
606 2 2 26 1 59 60 315
607 2 2 26 1 203 194 340
608 2 2 26 1 75 90 331
609 2 2 26 1 223 89 344
610 2 2 26 1 318 292 343
611 2 2 26 1 78 1 336
612 2 2 26 1 1 5 336
613 2 2 26 1 228 312 337
614 2 2 26 1 103 58 329
615 2 2 26 1 89 39 344
616 2 2 26 1 288 103 319
617 2 2 26 1 40 291 344
618 2 2 26 1 164 292 318
619 2 2 26 1 54 55 316
620 2 2 26 1 245 247 335
621 2 2 26 1 60 61 315
622 2 2 26 1 254 320 341
623 2 2 26 1 103 329 339
624 2 2 26 1 264 318 343
625 2 2 26 1 266 31 324
626 2 2 26 1 198 316 340
627 2 2 26 1 104 266 324
628 2 2 26 1 106 286 320
629 2 2 26 1 247 305 335
630 2 2 26 1 302 164 318
631 2 2 26 1 264 265 318
632 2 2 26 1 213 203 319
633 2 2 26 1 291 85 325
634 2 2 26 1 192 291 325
635 2 2 26 1 107 106 320
636 2 2 26 1 312 86 337
637 2 2 26 1 96 279 334
638 2 2 26 1 189 202 322
639 2 2 26 1 80 274 332
640 2 2 26 1 191 224 321
641 2 2 26 1 97 252 322
642 2 2 26 1 286 98 320
643 2 2 26 1 324 102 342
644 2 2 26 1 88 262 323
645 2 2 26 1 278 227 337
646 2 2 26 1 31 32 324
647 2 2 26 1 320 98 341
648 2 2 26 1 82 260 335
649 2 2 26 1 193 192 325
650 2 2 26 1 59 315 329
651 2 2 26 1 45 46 326
652 2 2 26 1 28 29 317
653 2 2 26 1 225 175 327
654 2 2 26 1 307 80 332
655 2 2 26 1 227 228 337
656 2 2 26 1 64 4 328
657 2 2 26 1 84 270 330
658 2 2 26 1 58 59 329
659 2 2 26 1 211 254 341
660 2 2 26 1 304 185 333
661 2 2 26 1 260 245 335
662 2 2 26 1 5 310 336
663 2 2 26 1 74 75 331
664 2 2 26 1 271 81 333
665 2 2 26 1 195 113 334
666 2 2 26 1 207 206 338
667 2 2 26 1 329 255 339
668 2 2 26 1 234 307 332
669 2 2 26 1 323 264 343
670 2 2 26 1 101 78 336
671 2 2 26 1 255 99 339
672 2 2 26 1 311 101 338
673 2 2 26 1 105 104 342
674 2 2 26 1 86 278 337
675 2 2 26 1 194 198 340
676 2 2 26 1 81 304 333
677 2 2 26 1 39 40 344
678 2 2 26 1 104 324 342
679 2 2 26 1 98 306 341
680 2 2 26 1 310 101 336
681 2 2 26 1 306 211 341
682 2 2 26 1 292 190 343
683 2 2 26 1 305 82 335
684 2 2 26 1 206 311 338
685 2 2 26 1 319 103 339
686 2 2 26 1 190 323 343
$EndElements
$NodeData
1
"Dezplazamientos(m)"
1
0
3
0
3
344
1 -0.0002911646443078329 1.5170110679773655e-05 0
2 0.00018602421432746048 -7.971725699344711e-06 0
3 -0.001434938701680056 -0.003923269250169772 0
4 -0.0011008771516010638 -0.0017954826591230644 0
5 -0.00018561690454826178 1.5510873757354107e-05 0
6 0.0 0.0 0
7 0.0 0.0 0
8 0.0 0.0 0
9 3.328775311317313e-05 -7.913102412681995e-06 0
10 8.300041515602564e-05 -1.3789915512308186e-05 0
11 0.0001380072141106255 -2.2404306697422675e-05 0
12 0.0001929593631458323 -3.4953340616123166e-05 0
13 0.00024410603797177802 -5.1186511360207725e-05 0
14 0.00028871361925451796 -7.038382430929281e-05 0
15 0.00032463725281289954 -9.12974985215809e-05 0
16 0.00035032727298263736 -0.00011311222128203147 0
17 0.0003641635617935101 -0.0001346620299134621 0
18 0.0003647230241246443 -0.00015440022037586145 0
19 0.00035075556928485267 -0.0001704915890051698 0
20 0.00032110998571686727 -0.00018029559125376686 0
21 0.0002744253913780017 -0.00018012303512744172 0
22 0.00020917736412992278 -0.0001631454789791758 0
23 0.00012395041758496693 -0.00011504761404339882 0
24 0.0 0.0 0
25 0.0 0.0 0
26 0.0 0.0 0
27 7.447056315691953e-05 -5.944323294538442e-06 0
28 0.00012981951795691486 -8.01898691870355e-06 0
29 0.00014325012538555907 -4.228375978299763e-05 0
30 9.843471305529734e-05 -7.602050769778e-05 0
31 6.024334496600574e-05 -9.814760130460316e-05 0
32 4.6701924352934716e-05 -0.00010550313300321899 0
33 5.8198726402947024e-05 -0.00010683666937723476 0
34 9.34970556129026e-05 -0.00010707188548458266 0
35 0.00014475871155727131 -0.00011380539155460921 0
36 0.00020119442175842855 -0.00013215799742934923 0
37 0.00025581006299061205 -0.00016188296502959992 0
38 0.0003043306160637289 -0.00020143758404903654 0
39 0.0003454520297177609 -0.0002500040388060114 0
40 0.0003790170373464845 -0.0003070626828785302 0
41 0.00040363649600640096 -0.0003693679782554157 0
42 0.0004207525754968627 -0.0004373277528944542 0
43 0.00043066247038702567 -0.0005111130803777701 0
44 0.0004341629790326059 -0.0005907261663635991 0
45 0.00043115853121236496 -0.0006756131991233899 0
46 0.0004231666744386649 -0.0007676148836607208 0
47 0.00040841787148387996 -0.0008655760879125003 0
48 0.0003874642486744004 -0.000971979527057278 0
49 0.0003606868781555363 -0.0010868634951657565 0
50 0.0003261844615064783 -0.0012125931203183517 0
51 0.00028387030058260067 -0.0013511714896311151 0
52 0.0002322442798599883 -0.0015031569262055546 0
53 0.00016837880074655853 -0.0016725924541722973 0
54 8.834862455328538e-05 -0.0018604189439887621 0
55 -1.0087018415515568e-05 -0.0020731565032468344 0
56 -0.00013343497448611012 -0.0023111207129757794 0
57 -0.00029016560047507786 -0.002576889466760526 0
58 -0.0004862353921112634 -0.002871678690923994 0
59 -0.0007316384514996549 -0.0031983447652022133 0
60 -0.0010436213122442114 -0.0035527281515751897 0
61 -0.001410778380275224 -0.003370138098511904 0
62 -0.0013471836450815692 -0.0028962206481036954 0
63 -0.001271626721911979 -0.002494292753843709 0
64 -0.0011924938305780033 -0.0021398392663235007 0
65 -0.0010115041086571379 -0.001529713812290197 0
66 -0.000923142125247058 -0.0013079349148466576 0
67 -0.0008402998579464621 -0.0011212390991173376 0
68 -0.0007627781303110676 -0.0009604297300187713 0
69 -0.0006910131864591846 -0.0008208572980544936 0
70 -0.0006240342408810961 -0.0006997967022104631 0
71 -0.0005618282092393084 -0.0005929370751188712 0
72 -0.000504114279439219 -0.0004994235136102036 0
73 -0.00045130191104538077 -0.00041617035812143387 0
74 -0.0004036733442575725 -0.0003418708900368077 0
75 -0.000360193552914768 -0.0002757626258138284 0
76 -0.0003242440621111817 -0.00021477708418191294 0
77 -0.00029942363992176504 -0.00015460152240946685 0
78 -0.00029137912693876736 -7.904491669889248e-05 0
79 0.00011562034156733619 -6.660665439429605e-05 0
80 0.0003641013935765162 -0.0008583046715713478 0
81 -0.0004011604138822258 -0.00044586369663595607 0
82 0.0004136628086011562 -0.0005924853182087545 0
83 0.0002737853891441041 -9.916899669051867e-05 0
84 -0.0005528226712799887 -0.0007436721811847169 0
85 0.0004096243711666587 -0.0003736243323446583 0
86 0.00025724633010288734 -0.001190108636256855 0
87 0.000363722944217188 -0.00013766716788949458 0
88 -0.0007205284385417071 -0.001193468713573241 0
89 0.0003428281764599804 -0.000224594379796657 0
90 -0.0002773227343781404 -0.00023657871447618043 0
91 2.9181603523325415e-05 -0.0016081044238294541 0
92 0.00033909004031833245 -0.0001574234673009621 0
93 -1.8844863708995476e-05 -4.115628665393732e-05 0
94 0.000240885786259398 -0.00013828557763429717 0
95 -0.0001918874546835806 -0.0020238115103887425 0
96 0.000246752845904557 -0.0001475158809312351 0
97 -0.0008177446400792343 -0.0016705378085431978 0
98 0.0001368270434231409 -0.00011736275508188911 0
99 -0.0009148705410534572 -0.002249229840123785 0
100 6.708267170024021e-05 -7.571003904487448e-05 0
101 -0.0002295315419515175 -0.00011905220122954084 0
102 5.1345811449463995e-05 -0.00010339254843108213 0
103 -0.0005269515914574322 -0.0025064075078902316 0
104 1.8829044184815365e-05 -5.166159418743671e-05 0
105 2.7094401554508522e-05 -5.969142916897027e-05 0
106 6.720666170908812e-05 -9.623912691914658e-05 0
107 0.00012807031299385863 -0.00010130460529555298 0
108 0.0001629512359755377 -0.0001120376766306903 0
109 0.0002074304436077683 -0.00011918695614080929 0
110 0.00027309515901697195 -0.0001357085194739173 0
111 0.0002496067090371918 -0.00013103826520909846 0
112 0.00030343463062806815 -0.0001450380831165547 0
113 0.00028869706740157215 -0.0001488173590485436 0
114 0.0003306807155558397 -0.00016377815268379785 0
115 0.00034246528189679575 -0.0001572842902812481 0
116 0.000360539734484275 -0.0001777548538471897 0
117 0.0003662599514702152 -0.0001664182481727006 0
118 0.00037615141389658424 -0.00018964115812950097 0
119 0.0003753082941105424 -0.00020832177051913014 0
120 0.0003833561475369235 -0.0002230122768292729 0
121 0.00037811283980906414 -0.00019914229590132116 0
122 0.000378532016901736 -0.00023520395013797285 0
123 0.00036701358936334786 -0.00020601830208821344 0
124 0.0003613048099212865 -0.00024478153945884913 0
125 0.00037698878577898716 -0.000281465248947079 0
126 0.0003539984353956456 -0.00029343550834120733 0
127 0.0003326076399361738 -0.0002518127482976222 0
128 0.00031969116701841547 -0.00030204886626021804 0
129 0.0002933550071954478 -0.0002562593439546843 0
130 0.0002751374682113764 -0.0003083769641158491 0
131 0.0002447470889006251 -0.00025852524303437334 0
132 0.00022128300646932574 -0.0003122051352556236 0
133 0.0002548071190157874 -0.00036825941873336673 0
134 0.00019504146554506408 -0.00037399638781229457 0
135 0.00015924417392443714 -0.00031485903645507487 0
136 0.0001265536247361588 -0.00037828861777966657 0
137 9.018597008101929e-05 -0.00031707683224519725 0
138 0.000165654724295867 -0.00044450678466487035 0
139 8.967492796820641e-05 -0.0004500463691687713 0
140 0.00013278846829501198 -0.0005242006879846728 0
141 4.829674357041214e-05 -0.0005307571609084708 0
142 9.598367366239047e-05 -0.0006139807807931403 0
143 1.8504577897631259e-06 -0.0006212514705116587 0
144 4.824341364992229e-06 -0.0004555535251328045 0
145 0.00020702664596377733 -0.0005168573098634828 0
146 5.487190882240975e-05 -0.0007150727820504754 0
147 -5.027813055149128e-05 -0.0007228493392454623 0
148 -0.0001032799971289929 -0.0006289451621691308 0
149 8.620151715693924e-06 -0.0008285504555067049 0
150 -0.00010922692470820744 -0.0008370132447396816 0
151 0.00034500918844997455 -0.0003516056091425164 0
152 0.00012528336469828629 -0.00025934913850157265 0
153 5.723538191462062e-05 -0.0002599270400254754 0
154 -4.3714087645930134e-05 -0.0009562066156186466 0
155 0.0001470352807950662 -0.0007054623675757244 0
156 -0.00017642622754194013 -0.0009657040024743502 0
157 -0.00010312589884939476 -0.0011009370448850813 0
158 0.00030979748998926325 -0.00021243020360310597 0
159 9.360626594986148e-05 -0.0002064742433417753 0
160 2.859253329605771e-05 -0.0002056570857787395 0
161 -1.4901766585835016e-05 -0.000262418682591262 0
162 -3.856589811169584e-05 -0.0002081591062803274 0
163 -9.105101891072174e-05 -0.00026824702752898646 0
164 -0.00023825767279610783 -0.0008454946994486796 0
165 -0.00025310978598538534 -0.0011122045076389917 0
166 -0.00010936375316909751 -0.00021570072746256446 0
167 -0.00017413334278870517 -0.0002768625863130378 0
168 -0.00015096628416834938 -0.00033269362762618617 0
169 7.219237623712653e-05 -0.0009451540666119802 0
170 0.00038702422017961556 -0.0002488678874019242 0
171 5.062136655838009e-06 -0.00015389102483866153 0
172 -0.00017170156472080765 -0.001265963467610363 0
173 -0.00034691493003871594 -0.0012767743804609334 0
174 -0.00025146406108966335 -0.001454220472472838 0
175 -2.7679452727982887e-05 -0.001247158603653837 0
176 0.00015605711075860829 -0.00020872754775954396 0
177 0.0001246840016279795 -0.00015953081036075909 0
178 0.00018320763601913347 -0.00016452467757217617 0
179 0.00037070322145883 -0.00017646688682268735 0
180 0.00035316739883662577 -0.00017750058022908134 0
181 -0.00024248957457544566 -0.00034278869665482553 0
182 -0.0002162979876095232 -0.00040241507026764634 0
183 -0.00012303595637733216 -0.0003939843443575634 0
184 -0.00018686191463775383 -0.0004698225091750007 0
185 -0.0002834219062541312 -0.00047703813934894395 0
186 -0.00025734145983824443 -0.0005539081296969757 0
187 -0.00037570973169885266 -0.000566009545154071 0
188 -0.0003396993864227888 -0.0006562474092825313 0
189 -0.00044513449350625173 -0.0014712555399407148 0
190 -0.0004119290259459494 -0.0011177872957671385 0
191 0.00037398689487220464 -0.0002292149947947671 0
192 0.0003895911215666166 -0.0002771787083368389 0
193 0.0003961680802757402 -0.00029869552771886386 0
194 -0.0003428387518748402 -0.0016602773160888729 0
195 0.0003193066538309411 -0.00017322141758310757 0
196 -0.00018587365669679636 -0.00022737188890019502 0
197 -0.00011997161651178125 -0.00016721766732972755 0
198 -0.00014719245491048348 -0.0016265268743210712 0
199 0.00015104590229111524 -0.00011739626356563275 0
200 0.00020691317412988586 -0.00012431925861566506 0
201 0.0002377035230198696 -0.00016935881851023004 0
202 -0.0005667611615640337 -0.0016960955217122792 0
203 -0.000416080720372841 -0.0019261476869650764 0
204 9.229002073747439e-05 -0.00011108382809717615 0
205 6.056380701665133e-05 -6.001295508354733e-05 0
206 -0.00018927638059503866 -0.00017934738971924898 0
207 -0.0001187093952538476 -0.00011922548670514812 0
208 -0.0002624868141407309 -0.00028788256766400157 0
209 -0.0003445938181927199 -0.00036059863073046444 0
210 -5.9994263471903056e-05 -0.00010557139435462935 0
211 0.00023264933950684508 -0.00013417907700092956 0
212 0.00017254974566259474 -7.51362196786712e-05 0
213 -0.0007000326724405043 -0.0019315438931615694 0
214 0.00025885634242237194 -0.00013342342379992695 0
215 1.4508013270480954e-05 -4.9235544747738345e-05 0
216 0.00036031749749536345 -0.00015341417980247992 0
217 0.0003357672061007293 -0.00014787112369694274 0
218 0.0003719553724255987 -0.0001567998008185366 0
219 0.00037021759055052195 -0.00014813419904805187 0
220 0.00037009213383807835 -0.00015717209138420122 0
221 -0.0002186392880869391 -0.0006390771354327998 0
222 0.0002992089074642925 -0.00015251025375600003 0
223 0.00037256711692716345 -0.00025138811501174824 0
224 0.00035482387464843955 -0.0001915744407706809 0
225 -8.30730958893081e-05 -0.0014350874354977841 0
226 2.6434055547900946e-05 -0.0010874122163735504 0
227 0.00010201939253762038 -0.001240963747283702 0
228 0.00013502699437869395 -0.0010663356483338797 0
229 0.00017045989713541172 -0.0009277340438117765 0
230 0.00011180822404105272 -0.0008176720866248811 0
231 0.00019953098149083203 -0.0008043897536515917 0
232 0.00022578032195279949 -0.000693755083042386 0
233 0.00026489632947967264 -0.0009155736156833941 0
234 0.0002731966852070987 -0.0007887466867613406 0
235 0.0002909245671771439 -0.0006782601639022418 0
236 0.00024918198812789733 -0.0005951382627843105 0
237 0.00030724529545587606 -0.0005821121428755385 0
238 0.0003450357813332441 -0.0006617148716206382 0
239 0.00035375592627263745 -0.0005655431696258285 0
240 0.00032198236580865833 -0.0004961633727575281 0
241 0.00036198713963875024 -0.00048072629732023663 0
242 0.0003844313649922264 -0.000635943195053882 0
243 0.0003343896582996336 -0.00041955033972301066 0
244 0.0003690874757570072 -0.00040582916173622047 0
245 0.00038995182620418735 -0.0004605440079175991 0
246 0.0003920160341318333 -0.0003869506620270914 0
247 0.0004070715525186341 -0.0004444521237186484 0
248 0.00040516801873050436 -0.0003667567876852805 0
249 0.0002886689822882523 -0.00043018598980095607 0
250 0.00037395258055343376 -0.0003387260930526629 0
251 -8.796998269378198e-05 -0.00046173602423205205 0
252 -0.000777157731845078 -0.0014004440181708342 0
253 -0.0005546048378153013 -0.0012817535810742396 0
254 0.00018554421169584553 -0.00011791329014876078 0
255 -0.0009827079726262363 -0.00264755695455876 0
256 0.0002321242581870091 -0.0004378579849505621 0
257 0.00030512399730048083 -0.0003618542839795555 0
258 0.00039117936991105905 -0.0003213094181745207 0
259 0.00038825260313872013 -0.0002663906501598729 0
260 0.0003874859133515407 -0.0005432611463624711 0
261 -6.568487258377206e-05 -0.0003252314234757717 0
262 -0.0006628233491261131 -0.0010211757563752294 0
263 -0.0006029346523627466 -0.0008723034582359066 0
264 -0.0005126909906122075 -0.000934137581404932 0
265 -0.00044323681332115344 -0.0007757583717432381 0
266 5.240540932239795e-05 -6.076351981234118e-05 0
267 0.000344718848387594 -0.00012615555348660597 0
268 0.0003142611984382508 -0.00011374266403263787 0
269 0.00017861620550864232 -0.0006056361974127891 0
270 -0.0005007745220022304 -0.0006306048746498521 0
271 -0.00045241458064725694 -0.0005318941245931147 0
272 1.4924484064522727e-05 -0.0003201428025327629 0
273 -4.4521355872093414e-05 -4.596366773315552e-05 0
274 0.00033573942005566857 -0.0009570242604308803 0
275 0.00038675561055061285 -0.0007497528467634813 0
276 0.0002990673960694669 -0.001064103679714498 0
277 0.00021420605096570186 -0.00021092212652777147 0
278 0.00019870019524903046 -0.0013171811853544245 0
279 0.00030331222004719224 -0.00017956577533507736 0
280 0.00018820383620396785 -0.00025931227432747495 0
281 6.426858637806698e-05 -0.00015602545741402727 0
282 0.0001324789852270665 -0.0014509373448153597 0
283 -5.455159651431695e-05 -0.00015635110356334176 0
284 0.0003438741569501072 -0.00021039237929034422 0
285 0.0002853667351020826 -0.00017393884823628725 0
286 8.610489829901237e-05 -0.00011143415067528317 0
287 5.007898592696853e-05 -0.00038232139007275765 0
288 -0.0003484124940121615 -0.0022442125442838105 0
289 0.00037540815861011466 -0.00017267955129318823 0
290 0.00026997177252337256 -0.0005076646730427383 0
291 0.0003918590637415235 -0.00030785897654501113 0
292 -0.00031241866162926837 -0.0009780371447783976 0
293 -1.1379455190751659e-05 -0.00010144472202705396 0
294 -3.352978688774707e-05 -0.0003872579241455339 0
295 0.0002660666774999008 -0.00021251695429857793 0
296 0.000321841136420585 -0.00014773930544585207 0
297 -4.628379700208469e-05 -0.0005373401932691191 0
298 -0.00014949917047192112 -0.0005448519629654967 0
299 0.00035387811089753797 -0.00015480223395911505 0
300 -0.00016627522720477514 -0.0007307903533792699 0
301 0.0003242579334596324 -0.0001767294216028086 0
302 -0.0002946232943828726 -0.0007446156465636996 0
303 0.00036230956864256853 -0.00015538951883340473 0
304 -0.0003076472860934342 -0.0004135587232895614 0
305 0.0004203550803559706 -0.0005130193351101774 0
306 0.00019453068841421858 -0.00012865701587069485 0
307 0.0003325314825903829 -0.0007635612960495764 0
308 0.00041792982736870853 -0.0004380969225689335 0
309 0.0003025494596506414 -0.00014256894251948914 0
310 -0.0001291216170146168 -8.064369426938343e-05 0
311 -0.0002512045140027908 -0.00017619537384810577 0
312 0.00022229471198556978 -0.0010541777849298565 0
313 0.0002264612480629993 -8.689684826356688e-05 0
314 3.712780229703338e-05 -0.00010348538300050115 0
315 -0.001043260441243188 -0.003078344988986032 0
316 -6.933164821212772e-05 -0.0018278030311109322 0
317 9.98264653474928e-05 -3.889198313632012e-05 0
318 -0.0003703781762876803 -0.0008692321417468856 0
319 -0.0006031924209236642 -0.00220434584416958 0
320 0.00012869031725654644 -0.00011223737122099547 0
321 0.0003512564210937741 -0.00020823891980810037 0
322 -0.000635390566087412 -0.0015003960805043415 0
323 -0.0005576227676118095 -0.0010910527542898603 0
324 4.0474027496715577e-05 -9.032229470771611e-05 0
325 0.00040047479995765936 -0.00032418838489269215 0
326 0.00040999700246162845 -0.000678185085409299 0
327 3.346282968334413e-05 -0.0013951759925865958 0
328 -0.0009403916712876387 -0.0019383004156696528 0
329 -0.0007467549021712333 -0.0028109713699312738 0
330 -0.00044225566534461064 -0.0006709367094531773 0
331 -0.0003301605607506179 -0.0002989765310238726 0
332 0.0003150344515290379 -0.0008517760459275905 0
333 -0.00036345639102287745 -0.0004784781584698465 0
334 0.0002819507008744125 -0.0001561183568226606 0
335 0.00040551541898390417 -0.0005145965239517967 0
336 -0.00022420901944009556 -5.3002170947874364e-05 0
337 0.00018463731184887813 -0.0011777901416930433 0
338 -0.0001818451266973545 -0.00013601881672255995 0
339 -0.000765315316446662 -0.0024284469516324446 0
340 -0.00023669186116645797 -0.001807805468334429 0
341 0.00017805000491190223 -0.00012253793514521038 0
342 3.5603363734331965e-05 -8.145652088690784e-05 0
343 -0.00043467488677160604 -0.001002284035812349 0
344 0.0003678068870061542 -0.00026745068090550995 0
$EndNodeData
$NodeData
1
"Fuerzas(N)"
1
0
3
0
3
344
1 0.0 0.0 0
2 0.0 0.0 0
3 0.0 -499.99999999645974 0
4 0.0 0.0 0
5 0.0 0.0 0
6 3014.077528935228 -403.7537612554378 0
7 1142.1026550505248 285.64851621283105 0
8 162.6514339292612 315.7241569431048 0
9 0.0 0.0 0
10 0.0 0.0 0
11 0.0 0.0 0
12 0.0 0.0 0
13 0.0 0.0 0
14 0.0 0.0 0
15 0.0 0.0 0
16 0.0 0.0 0
17 0.0 0.0 0
18 0.0 0.0 0
19 0.0 0.0 0
20 0.0 0.0 0
21 0.0 0.0 0
22 0.0 0.0 0
23 0.0 0.0 0
24 -1934.7367766872721 2815.8805093197634 0
25 -1039.7532821702296 902.1741607235913 0
26 -1344.341559057526 584.3264180420242 0
27 0.0 0.0 0
28 0.0 0.0 0
29 0.0 0.0 0
30 0.0 0.0 0
31 0.0 0.0 0
32 0.0 0.0 0
33 0.0 0.0 0
34 0.0 0.0 0
35 0.0 0.0 0
36 0.0 0.0 0
37 0.0 0.0 0
38 0.0 0.0 0
39 0.0 0.0 0
40 0.0 0.0 0
41 0.0 0.0 0
42 0.0 0.0 0
43 0.0 0.0 0
44 0.0 0.0 0
45 0.0 0.0 0
46 0.0 0.0 0
47 0.0 0.0 0
48 0.0 0.0 0
49 0.0 0.0 0
50 0.0 0.0 0
51 0.0 0.0 0
52 0.0 0.0 0
53 0.0 0.0 0
54 0.0 0.0 0
55 0.0 0.0 0
56 0.0 0.0 0
57 0.0 0.0 0
58 0.0 0.0 0
59 0.0 0.0 0
60 0.0 0.0 0
61 0.0 -999.9999999929248 0
62 0.0 -999.9999999929248 0
63 0.0 -999.9999999930651 0
64 0.0 -1000.0000000106155 0
65 0.0 0.0 0
66 0.0 0.0 0
67 0.0 0.0 0
68 0.0 0.0 0
69 0.0 0.0 0
70 0.0 0.0 0
71 0.0 0.0 0
72 0.0 0.0 0
73 0.0 0.0 0
74 0.0 0.0 0
75 0.0 0.0 0
76 0.0 0.0 0
77 0.0 0.0 0
78 0.0 0.0 0
79 0.0 0.0 0
80 0.0 0.0 0
81 0.0 0.0 0
82 0.0 0.0 0
83 0.0 0.0 0
84 0.0 0.0 0
85 0.0 0.0 0
86 0.0 0.0 0
87 0.0 0.0 0
88 0.0 0.0 0
89 0.0 0.0 0
90 0.0 0.0 0
91 0.0 0.0 0
92 0.0 0.0 0
93 0.0 0.0 0
94 0.0 0.0 0
95 0.0 0.0 0
96 0.0 0.0 0
97 0.0 0.0 0
98 0.0 0.0 0
99 0.0 0.0 0
100 0.0 0.0 0
101 0.0 0.0 0
102 0.0 0.0 0
103 0.0 0.0 0
104 0.0 0.0 0
105 0.0 0.0 0
106 0.0 0.0 0
107 0.0 0.0 0
108 0.0 0.0 0
109 0.0 0.0 0
110 0.0 0.0 0
111 0.0 0.0 0
112 0.0 0.0 0
113 0.0 0.0 0
114 0.0 0.0 0
115 0.0 0.0 0
116 0.0 0.0 0
117 0.0 0.0 0
118 0.0 0.0 0
119 0.0 0.0 0
120 0.0 0.0 0
121 0.0 0.0 0
122 0.0 0.0 0
123 0.0 0.0 0
124 0.0 0.0 0
125 0.0 0.0 0
126 0.0 0.0 0
127 0.0 0.0 0
128 0.0 0.0 0
129 0.0 0.0 0
130 0.0 0.0 0
131 0.0 0.0 0
132 0.0 0.0 0
133 0.0 0.0 0
134 0.0 0.0 0
135 0.0 0.0 0
136 0.0 0.0 0
137 0.0 0.0 0
138 0.0 0.0 0
139 0.0 0.0 0
140 0.0 0.0 0
141 0.0 0.0 0
142 0.0 0.0 0
143 0.0 0.0 0
144 0.0 0.0 0
145 0.0 0.0 0
146 0.0 0.0 0
147 0.0 0.0 0
148 0.0 0.0 0
149 0.0 0.0 0
150 0.0 0.0 0
151 0.0 0.0 0
152 0.0 0.0 0
153 0.0 0.0 0
154 0.0 0.0 0
155 0.0 0.0 0
156 0.0 0.0 0
157 0.0 0.0 0
158 0.0 0.0 0
159 0.0 0.0 0
160 0.0 0.0 0
161 0.0 0.0 0
162 0.0 0.0 0
163 0.0 0.0 0
164 0.0 0.0 0
165 0.0 0.0 0
166 0.0 0.0 0
167 0.0 0.0 0
168 0.0 0.0 0
169 0.0 0.0 0
170 0.0 0.0 0
171 0.0 0.0 0
172 0.0 0.0 0
173 0.0 0.0 0
174 0.0 0.0 0
175 0.0 0.0 0
176 0.0 0.0 0
177 0.0 0.0 0
178 0.0 0.0 0
179 0.0 0.0 0
180 0.0 0.0 0
181 0.0 0.0 0
182 0.0 0.0 0
183 0.0 0.0 0
184 0.0 0.0 0
185 0.0 0.0 0
186 0.0 0.0 0
187 0.0 0.0 0
188 0.0 0.0 0
189 0.0 0.0 0
190 0.0 0.0 0
191 0.0 0.0 0
192 0.0 0.0 0
193 0.0 0.0 0
194 0.0 0.0 0
195 0.0 0.0 0
196 0.0 0.0 0
197 0.0 0.0 0
198 0.0 0.0 0
199 0.0 0.0 0
200 0.0 0.0 0
201 0.0 0.0 0
202 0.0 0.0 0
203 0.0 0.0 0
204 0.0 0.0 0
205 0.0 0.0 0
206 0.0 0.0 0
207 0.0 0.0 0
208 0.0 0.0 0
209 0.0 0.0 0
210 0.0 0.0 0
211 0.0 0.0 0
212 0.0 0.0 0
213 0.0 0.0 0
214 0.0 0.0 0
215 0.0 0.0 0
216 0.0 0.0 0
217 0.0 0.0 0
218 0.0 0.0 0
219 0.0 0.0 0
220 0.0 0.0 0
221 0.0 0.0 0
222 0.0 0.0 0
223 0.0 0.0 0
224 0.0 0.0 0
225 0.0 0.0 0
226 0.0 0.0 0
227 0.0 0.0 0
228 0.0 0.0 0
229 0.0 0.0 0
230 0.0 0.0 0
231 0.0 0.0 0
232 0.0 0.0 0
233 0.0 0.0 0
234 0.0 0.0 0
235 0.0 0.0 0
236 0.0 0.0 0
237 0.0 0.0 0
238 0.0 0.0 0
239 0.0 0.0 0
240 0.0 0.0 0
241 0.0 0.0 0
242 0.0 0.0 0
243 0.0 0.0 0
244 0.0 0.0 0
245 0.0 0.0 0
246 0.0 0.0 0
247 0.0 0.0 0
248 0.0 0.0 0
249 0.0 0.0 0
250 0.0 0.0 0
251 0.0 0.0 0
252 0.0 0.0 0
253 0.0 0.0 0
254 0.0 0.0 0
255 0.0 0.0 0
256 0.0 0.0 0
257 0.0 0.0 0
258 0.0 0.0 0
259 0.0 0.0 0
260 0.0 0.0 0
261 0.0 0.0 0
262 0.0 0.0 0
263 0.0 0.0 0
264 0.0 0.0 0
265 0.0 0.0 0
266 0.0 0.0 0
267 0.0 0.0 0
268 0.0 0.0 0
269 0.0 0.0 0
270 0.0 0.0 0
271 0.0 0.0 0
272 0.0 0.0 0
273 0.0 0.0 0
274 0.0 0.0 0
275 0.0 0.0 0
276 0.0 0.0 0
277 0.0 0.0 0
278 0.0 0.0 0
279 0.0 0.0 0
280 0.0 0.0 0
281 0.0 0.0 0
282 0.0 0.0 0
283 0.0 0.0 0
284 0.0 0.0 0
285 0.0 0.0 0
286 0.0 0.0 0
287 0.0 0.0 0
288 0.0 0.0 0
289 0.0 0.0 0
290 0.0 0.0 0
291 0.0 0.0 0
292 0.0 0.0 0
293 0.0 0.0 0
294 0.0 0.0 0
295 0.0 0.0 0
296 0.0 0.0 0
297 0.0 0.0 0
298 0.0 0.0 0
299 0.0 0.0 0
300 0.0 0.0 0
301 0.0 0.0 0
302 0.0 0.0 0
303 0.0 0.0 0
304 0.0 0.0 0
305 0.0 0.0 0
306 0.0 0.0 0
307 0.0 0.0 0
308 0.0 0.0 0
309 0.0 0.0 0
310 0.0 0.0 0
311 0.0 0.0 0
312 0.0 0.0 0
313 0.0 0.0 0
314 0.0 0.0 0
315 0.0 0.0 0
316 0.0 0.0 0
317 0.0 0.0 0
318 0.0 0.0 0
319 0.0 0.0 0
320 0.0 0.0 0
321 0.0 0.0 0
322 0.0 0.0 0
323 0.0 0.0 0
324 0.0 0.0 0
325 0.0 0.0 0
326 0.0 0.0 0
327 0.0 0.0 0
328 0.0 0.0 0
329 0.0 0.0 0
330 0.0 0.0 0
331 0.0 0.0 0
332 0.0 0.0 0
333 0.0 0.0 0
334 0.0 0.0 0
335 0.0 0.0 0
336 0.0 0.0 0
337 0.0 0.0 0
338 0.0 0.0 0
339 0.0 0.0 0
340 0.0 0.0 0
341 0.0 0.0 0
342 0.0 0.0 0
343 0.0 0.0 0
344 0.0 0.0 0
$EndNodeData
$ElementData
1
"Tensiones(psi)"
1
0
3
0
1
608
79 104.28671291862946
80 1470.0164951359293
81 12.64632435474391
82 60.52586162312298
83 1653.1161769929586
84 -1.0524914273446484e-12
85 94.68311138162085
86 1554.991823271554
87 1629.44648442037
88 1964.1700400111167
89 560.6595929169098
90 55.7778520152894
91 1715.6666875869137
92 1598.4170486509488
93 67.66763903802934
94 -52.67778930142269
95 1750.0073444734962
96 -0.8314926273724268
97 2284.817541851435
98 53.74194757695875
99 49.20530542119502
100 419.6177231935618
101 37.90880563142116
102 526.6991714398142
103 -168.95477019809712
104 1616.590640586809
105 141.3174828293619
106 -79.70805946167633
107 10.014984303727601
108 -132.06384839016164
109 302.6750735336999
110 11.72033312348944
111 1624.56829415776
112 6.275786385907651
113 11.882062953265176
114 2258.9614060121667
115 1837.2090260843383
116 -182.5016719934892
117 1603.3409759149947
118 9.418135863690793
119 1491.9463784919353
120 -16.376043451314374
121 29.668619949933714
122 24.32158037232867
123 2177.202976317879
124 148.20614609583996
125 12.10479232609893
126 -0.4990012339728196
127 13.202038012850721
128 81.0138939284862
129 1483.6952201448598
130 150.29287344499406
131 44.430686097401775
132 1779.2030077634665
133 1278.9952983134413
134 1711.8993900792948
135 1521.7810540924568
136 43.446442354072474
137 1075.1373750254982
138 1225.9289476745998
139 1645.8909420988966
140 3.6389096110858645
141 23.220073710668515
142 58.661939920252024
143 835.315571790248
144 3.308795311580127
145 425.94367616521254
146 101.83959788045672
147 205.31646931111004
148 62.011714727042545
149 89.32872107220473
150 -67.0325997642037
151 866.4053240840585
152 -5.566332022052251
153 28.55616299663427
154 1595.2105385299337
155 755.8355039417339
156 988.041097293715
157 158.4530867342631
158 1132.7885652688087
159 1744.7955510085308
160 957.3434605139239
161 315.7123352865357
162 789.1813975206322
163 929.9839383526104
164 505.7536654049783
165 37.981093177362624
166 22.553642312637862
167 522.4021620705458
168 1285.5990829123791
169 305.4026562990368
170 -5.917432524624793
171 1439.8913341543462
172 443.7410384101703
173 493.99583822165124
174 51.369069980989565
175 559.2254666493977
176 624.8881132995928
177 230.59743812120539
178 -22.405102481532623
179 -88.1860391149578
180 723.6190402173586
181 584.0082801930719
182 954.7332501332106
183 9.012659340784879
184 226.053618911993
185 1529.917208123849
186 172.61308158569364
187 256.37510942991116
188 590.2510951789745
189 1253.516374913972
190 425.08814432895576
191 1570.3929311042637
192 962.1361641030644
193 821.9178531495389
194 1009.3261154009946
195 2.870020309868778
196 687.2994560794886
197 1255.7286540831328
198 20.684775829347814
199 661.3967720328867
200 44.96190009357974
201 1167.148707131253
202 -1.560246188954494
203 779.9567132158033
204 529.8061108690464
205 71.80123251200226
206 25.17714323337816
207 1101.604355729516
208 534.6068887496787
209 1730.090072236751
210 138.86006867032054
211 1221.2499052777891
212 836.2821591258844
213 4.767736203704146
214 967.4150052334941
215 67.88606088410552
216 44.290073888633316
217 1827.938955211872
218 1457.0159194741104
219 1207.2032771697168
220 42.797556448600176
221 1741.0030634505706
222 1551.651797315085
223 1409.317087014807
224 1112.4636076966158
225 89.18286178109054
226 692.6818518826924
227 1357.5366512216297
228 807.6112756852981
229 113.07082121637694
230 1155.009835518984
231 27.032149465274983
232 -30.670910541442595
233 744.0373321666018
234 75.71115125052822
235 1286.4343396250554
236 1740.5253592154756
237 1389.655551809024
238 995.0435655005942
239 922.3127772107578
240 -11.114984257922288
241 2042.6623015904318
242 2895.656039649048
243 1060.0316043837788
244 1331.1176966495168
245 157.8574262571566
246 1136.8765762983546
247 1069.1692326410628
248 1351.5046834615964
249 82.77307418408395
250 455.95157272190585
251 1781.7331515467781
252 1346.403356781012
253 1486.1726211713635
254 77.24172668761406
255 1061.5581385858084
256 873.5743957392572
257 1329.7150953099554
258 885.2308459316878
259 1433.6968969128752
260 677.0407090410438
261 1330.0923241466494
262 769.6800039780532
263 1145.8949339416063
264 4695.201139029621
265 -41.80135013789061
266 1029.579144031426
267 1074.9116009678053
268 1443.3100738247288
269 1.6151527010050586
270 597.925885072251
271 48.56952024017676
272 112.54695920992026
273 1225.7961203840855
274 1693.988357983298
275 478.63894833010545
276 949.2532829233824
277 376.82488232920844
278 977.214716323919
279 729.1983957787984
280 -3.7286690942845553
281 1054.0509605196876
282 426.82878245759497
283 1349.7856783295883
284 1279.2664799886097
285 4.213450372779306
286 1136.3746123941596
287 -18.484914076113682
288 1418.2009390454193
289 1102.8815796484578
290 22.155164375299137
291 986.2792255908314
292 1317.3224070737488
293 76.01717556588743
294 1209.324427423991
295 712.7182106028869
296 -13.183246535164699
297 1035.1346965068192
298 60.301887446379055
299 324.7961642522051
300 1157.0138008561146
301 59.506775250147996
302 -27.64607539041708
303 13.156352871844774
304 959.9335095966057
305 675.1311912816315
306 53.58269845869029
307 18.243465599386752
308 879.5542576661012
309 22.966375138179046
310 14.203980074731305
311 70.73769255796518
312 39.67484434424034
313 47.48182032746104
314 856.9715576998894
315 -11.42827901893304
316 253.22220767758128
317 38.29780269774733
318 1257.3874216541458
319 440.02477896381686
320 338.3764552063335
321 389.2117142441504
322 1575.1169266603301
323 13.36737599289063
324 491.8565872689754
325 23.597374028959337
326 535.1385297133191
327 70.57640917637247
328 781.5381650627332
329 11.677901873205315
330 1026.7992673790563
331 683.9970887302344
332 613.6390421430623
333 612.6200230026454
334 -1.9684543106608885
335 37.25587815729244
336 1314.3310263753124
337 548.7358833622484
338 375.9373307113344
339 284.3535397439183
340 1225.6273538392697
341 903.1400799671264
342 -10.491282454016186
343 73.44441213743244
344 1456.8903476131977
345 21.550286291885868
346 1243.312818259983
347 645.0449213843137
348 63.69502042471595
349 12.956689795027955
350 -32.894738984365546
351 50.99447673689208
352 11.259572792228255
353 1133.3481328887883
354 47.535879949918524
355 10.927613317166447
356 267.86337194836324
357 26.80511781015838
358 1424.7829553359072
359 -111.46325602935485
360 74.24940281874903
361 48.60961231967434
362 75.96316212776111
363 1538.2165002817023
364 -243.3573901138625
365 11.287987036490051
366 54.9403886894421
367 131.62901213058575
368 50.54052836574982
369 11.754484057348236
370 941.0777075539236
371 -33.23109648153644
372 156.03076511214616
373 70.01494027704435
374 182.8780822562764
375 203.12062281794826
376 931.0689409828628
377 737.1643700250821
378 221.33034031873368
379 215.26391955456643
380 49.45444430286318
381 530.0968060340094
382 1195.0766780608662
383 687.3955401340221
384 54.58872862279418
385 488.32768558246346
386 1076.8433619157686
387 -34.36249337614697
388 239.3030896974494
389 341.96654018133484
390 258.26259562566327
391 974.4928314965109
392 120.4097785565695
393 300.1285502404554
394 7.551565686152756
395 108.30543880217647
396 -22.980864789247505
397 15.293200227560007
398 331.1854112826942
399 48.50385687213986
400 203.56848145670392
401 37.0754806565418
402 58.54576896033353
403 70.47289700665962
404 38.217405271607134
405 1989.2790103935436
406 2166.0139783316686
407 228.25713791497589
408 88.43527258282887
409 -0.43583599106948157
410 181.83488521385777
411 -2.861302670601276
412 2079.2459520976126
413 -70.53386506712499
414 383.44630269555574
415 420.7123123804815
416 2258.345275515061
417 1086.520455600844
418 1088.3244772982007
419 1971.1299814507183
420 11.049326784351308
421 560.2995180911646
422 35.7938535153735
423 -36.307039331306186
424 75.78394615911469
425 40.92812902878978
426 2370.2264934985706
427 594.130635970149
428 29.196397908159057
429 -75.43534375162423
430 1045.9914707583953
431 50.11325748318062
432 -105.92823148560947
433 762.2733390307114
434 293.75481200175017
435 176.2254692020401
436 2529.0216049879455
437 556.7086905419451
438 -5.906943415640555
439 73.04890292371621
440 -36.225344895654175
441 1958.1117405802938
442 2676.194850091125
443 52.00579997769623
444 975.4035209068843
445 1167.5337210166979
446 149.88522805954943
447 30.86133859532457
448 69.26310587999117
449 206.30031469952976
450 52.17212475275518
451 2416.9622370408433
452 2862.1162624779968
453 195.3649645606299
454 852.2313989449606
455 384.67486559786283
456 445.8292417355426
457 54.28986433318214
458 728.526309634361
459 251.58576386380122
460 2989.0679803491776
461 67.50279076289127
462 -180.17728540182495
463 1879.7282519662274
464 50.54872580203471
465 565.3514452919261
466 1847.373479552163
467 1973.490536523143
468 -96.27084294694674
469 136.64516474873994
470 1931.7200095701583
471 -13.71811097963024
472 -69.82586427192105
473 638.3262296593616
474 -108.61132022777295
475 902.689130209854
476 327.91218949082236
477 -44.34886988043857
478 882.0928003316023
479 65.38117374480132
480 233.1491067345534
481 60.810426851862076
482 411.5527235402228
483 1765.0631638944114
484 1169.6987510572258
485 1955.2204058167906
486 319.96929279714834
487 116.37237688125386
488 1014.3503367295683
489 3349.5334270316107
490 2065.174681925897
491 160.74031812080165
492 85.32642002926842
493 743.4653577400776
494 276.4036931757031
495 2167.691727481475
496 1742.448970577809
497 289.97879426053174
498 465.15446701994125
499 2172.7614394965476
500 3365.3288005919835
501 77.71667537929483
502 -73.99765334205011
503 344.89055463545435
504 783.343469264005
505 1718.453072002957
506 282.0367011880415
507 2256.1703042300037
508 135.97494701186304
509 138.62218571000056
510 3298.4366258930368
511 20.444852430150178
512 256.7384335276192
513 -89.06425749690956
514 1040.56879925272
515 96.18293249927791
516 1632.0663821799235
517 100.29377941254839
518 109.29854627402156
519 217.58091821056624
520 104.68270989758338
521 823.5533869461342
522 1190.5542692733216
523 175.21001930775395
524 693.8390505380582
525 2347.5268234605833
526 46.1023099234215
527 918.835879992276
528 1417.1507456299405
529 100.40619686238531
530 605.9288222183727
531 78.66896062455876
532 2283.169830615057
533 98.59191441636867
534 153.57736371781618
535 159.4988673497345
536 215.30335901227107
537 734.5802982303151
538 1375.3140130547058
539 18.90405479335709
540 1717.8065732209234
541 -9.392458151806977
542 222.20000460129322
543 38.83000172473447
544 123.98809684633488
545 1510.7066124958199
546 1749.302590368131
547 29.262961290163105
548 1989.722787231256
549 -64.57538570012184
550 85.01655328545544
551 1349.3228256443113
552 1972.5591720889608
553 1.2967238856476797
554 1540.6730882261313
555 1374.8906028432166
556 25.609775761482297
557 61.17804735488039
558 1803.2539262458058
559 1350.7110778585663
560 14.058550038569052
561 797.0615002466507
562 113.6788878174109
563 53.46250128058981
564 -206.02812325645564
565 -186.71858303785268
566 1574.3630437084814
567 6.127607987948181
568 50.45573665398388
569 1323.3223078655788
570 22.54982775303489
571 2328.514200943169
572 2432.339334260114
573 1420.8500599108268
574 98.03972845082484
575 1503.1350936504814
576 1581.3595195346295
577 1529.7460623892416
578 1771.079490276778
579 60.509447085029365
580 1465.5233025078296
581 2232.544507562762
582 -17.723873984383317
583 -23.927977288767067
584 1716.8962508830755
585 -54.873718048834235
586 1467.2533100418968
587 -28.291155053192938
588 1611.026340716634
589 1687.0831061396948
590 75.74525458249548
591 23.71132370562748
592 46.93688508952849
593 1010.9897011393664
594 1571.691801108208
595 1704.7096128905848
596 3.819627303707165
597 6.361849020509226
598 2057.028350028213
599 1811.5660787054287
600 1831.547755527317
601 2404.509734871378
602 24.93115350222172
603 1469.9833146008496
604 559.889493089305
605 -150.1797856048016
606 2489.8579323937747
607 1388.5171432593713
608 -0.7195256030132668
609 1753.83269066427
610 102.84217203642146
611 12.61443936234372
612 -17.032906427877975
613 1724.3296920782893
614 2077.411986203516
615 1807.2139026581085
616 2235.278974256498
617 1804.7133318436117
618 64.306500147098
619 3230.5810094475146
620 1522.71268032115
621 1044.8367433117548
622 1473.9344332459345
623 2128.7347328776077
624 -21.795202542615527
625 355.48728037235117
626 1685.2892119281996
627 456.2363227231446
628 1544.8413313495826
629 1553.912593428232
630 79.43142233146892
631 82.32744904688661
632 1317.0968041906767
633 1734.8333315801437
634 1511.686264489316
635 1507.957104855265
636 1775.3725161231512
637 1619.4809172839173
638 415.0820405802418
639 1941.5432954107148
640 1312.295858395061
641 240.74354359450058
642 1225.5520214769217
643 783.2938710426482
644 69.3788619143894
645 1778.6770358774538
646 123.18177418949152
647 1519.649848064124
648 1572.781224224891
649 1447.817208826681
650 1691.475401798688
651 2066.8682337798964
652 35.73591473891118
653 1382.766252903516
654 1618.9815772801546
655 1619.8853493105605
656 607.7731644894421
657 30.179851424187746
658 3095.066867469186
659 1518.246641695096
660 45.050733228817535
661 1446.0660533707319
662 170.11507184382458
663 27.601694788141458
664 31.545523291531595
665 1392.141725729234
666 222.89954543715692
667 1087.0675887677166
668 1573.32888743264
669 85.8553817752778
670 20.451548254668495
671 1399.5410261205827
672 243.61421909314743
673 1261.5359772154206
674 2172.426259430844
675 1589.0602205967136
676 7.18437254416574
677 2014.6173032414704
678 1285.7966862858996
679 1407.0071222090212
680 29.34271956573906
681 1484.0932583365789
682 69.07697905347226
683 1766.1692987029926
684 121.77720141206953
685 1295.3039364109259
686 31.62915447518452
$EndElementData