$MeshFormat
2.2 0 8
$EndMeshFormat
$PhysicalNames
7
1 2 "nada"
1 3 "emp1"
1 4 "emp2"
1 5 "nada2"
1 6 "carga"
1 7 "base"
2 27 "surf"
$EndPhysicalNames
$Nodes
350
1 0 0 0
2 0 25 0
3 20 0 0
4 15 0 0
5 0 22 0
6 0 2 0
7 0.9999999999995183 0 0
8 1.999999999999871 0 0
9 2.999999999998959 0 0
10 3.999999999998025 0 0
11 4.9999999999943 0 0
12 5.999999999990425 0 0
13 6.99999999998655 0 0
14 7.999999999985638 0 0
15 8.999999999987688 0 0
16 9.999999999989742 0 0
17 10.99999999999179 0 0
18 11.99999999999384 0 0
19 12.99999999999589 0 0
20 13.99999999999795 0 0
21 16.00000000002803 0 0
22 17.00000000002123 0 0
23 18.00000000001415 0 0
24 19.00000000000708 0 0
25 19.39393939394085 0.7575757575739427 0
26 18.7878787878818 1.51515151514775 0
27 18.18181818182249 2.272727272721884 0
28 17.57575757576317 3.030303030296036 0
29 16.96969696970438 3.787878787869524 0
30 16.36363636364569 4.545454545442882 0
31 15.75757575758701 5.30303030301624 0
32 15.15151515152832 6.060606060589598 0
33 14.54545454546964 6.818181818162956 0
34 13.93939393941095 7.575757575736314 0
35 13.33333333335153 8.333333333310589 0
36 12.72727272729153 9.090909090885589 0
37 12.12121212123153 9.848484848460588 0
38 11.51515151517153 10.60606060603559 0
39 10.90909090911153 11.36363636361058 0
40 10.30303030305153 12.12121212118558 0
41 9.69696969699153 12.87878787876059 0
42 9.090909090931527 13.63636363633559 0
43 8.484848484871524 14.3939393939106 0
44 7.878787878811522 15.1515151514856 0
45 7.272727272751363 15.9090909090608 0
46 6.66666666668892 16.66666666663885 0
47 6.06060606062629 17.42424242421714 0
48 5.454545454563661 18.18181818179542 0
49 4.848484848501034 18.93939393937371 0
50 4.242424242438403 19.696969696952 0
51 3.636363636375776 20.45454545453028 0
52 3.030303030313146 21.21212121210857 0
53 2.424242424250519 21.96969696968685 0
54 1.818181818187888 22.72727272726514 0
55 1.212121212125258 23.48484848484343 0
56 0.6060606060626306 24.24242424242171 0
57 0 24 0
58 0 23 0
59 0 21 0
60 0 20 0
61 0 18.99999999999999 0
62 0 17.99999999999999 0
63 0 16.99999999999999 0
64 0 15.99999999999999 0
65 0 14.99999999999999 0
66 0 13.99999999999998 0
67 0 12.99999999999998 0
68 0 11.99999999999998 0
69 0 10.99999999999998 0
70 0 9.999999999999975 0
71 0 8.999999999999973 0
72 0 7.99999999999997 0
73 0 6.999999999999968 0
74 0 5.999999999999964 0
75 0 4.999999999999975 0
76 0 3.999999999999982 0
77 0 2.999999999999993 0
78 0 1.000000000004118 0
79 0.8660254037844347 6.499999999999966 0
80 11.12122989566289 9.707439783635111 0
81 6.502732684826672 0.8675865916634654 0
82 9.404270723228635 12.03112752043269 0
83 0.8621343413304411 9.500188212057671 0
84 9.501737670934849 0.865823251636238 0
85 7.568411667956522 14.2670001190771 0
86 13.01974166024424 7.38502129546943 0
87 0.863011023570617 12.51582681798054 0
88 12.49999999999487 0.8660254037862146 0
89 5.755708360339137 16.48674572037361 0
90 0.9311213179203737 3.489191641510842 0
91 14.77264852492022 5.220912572518035 0
92 0.8639266954063596 15.50792177113567 0
93 3.503110675975654 0.8686908414810326 0
94 0.8665784407913073 17.50128540393075 0
95 16.04613092086802 3.626949250010974 0
96 4.489796460396631 18.08066399229308 0
97 14.53559860688418 0.843881037869286 0
98 3.350150338780727 19.60165683755344 0
99 16.45302666724213 0.8379586894237591 0
100 0.8655277334491531 19.50495999538338 0
101 0.9141538777454336 1.597735506360282 0
102 2.135352950256279 21.06949549935904 0
103 17.41752533773497 2.251531079824065 0
104 0.7797966977312185 21.48582642531562 0
105 0.7895070264824917 20.49917930025097 0
106 1.713794593860187 20.12681765293389 0
107 1.701084993396562 19.02299038285969 0
108 0.860894160949597 18.50431032982695 0
109 1.721258144710304 18.00567004749503 0
110 1.724348589026208 17.00382671420794 0
111 2.582290969063854 17.50002743334272 0
112 2.580146065642625 16.5080788567815 0
113 3.417995515704292 16.96573946502388 0
114 3.430018234145437 16.00500773357066 0
115 2.577931184731999 15.52014860914412 0
116 3.429908428698612 15.02311689620969 0
117 2.579894626923052 14.52716385221775 0
118 3.427342672232296 14.03842470516051 0
119 4.282056989297994 14.52816625610923 0
120 4.279765639715927 13.54428340926038 0
121 3.427859283091534 13.0528048485618 0
122 4.279029798093703 12.55879824141966 0
123 3.424075673257148 12.06652861886977 0
124 4.278001573160944 11.57257305856426 0
125 5.13172810943495 12.06476823277674 0
126 5.132238291690442 11.07854981364863 0
127 4.277670188602434 10.58603763820294 0
128 5.132806406676505 10.09208860832152 0
129 4.27737652362997 9.598554821470849 0
130 5.13280860820798 9.105422049537575 0
131 5.987508048406093 9.598697692616778 0
132 5.98865025704559 8.612098698186056 0
133 5.133515452964237 8.118120736122027 0
134 5.990291913987184 7.624495442548161 0
135 5.137234939646576 7.134702937996435 0
136 5.991734687538746 6.636996405035523 0
137 6.847217423314165 7.131550494538279 0
138 6.84841634469371 6.143386816541477 0
139 5.142711423505628 6.192088891240569 0
140 7.70256027492689 6.638924039829424 0
141 7.704999575852726 5.650947222673288 0
142 8.558536870888297 6.146213067228766 0
143 8.561159014627464 5.158756319077185 0
144 7.698028233184705 7.62939434310976 0
145 6.807521062979345 5.209236873319577 0
146 9.413610394348247 5.6537201343969 0
147 9.416768649009281 4.66683884576373 0
148 10.26877999458058 5.161531060041597 0
149 10.27197327801045 4.174969534335121 0
150 8.473747301568624 4.130359070007898 0
151 11.12490488137779 4.669487261074005 0
152 4.335477345274263 7.629946155288422 0
153 9.413754595937061 6.64002654323656 0
154 5.984685944778846 11.57121103633656 0
155 11.12754556901181 3.683862157263082 0
156 11.98009194977497 4.177636354063439 0
157 3.42659410045418 10.09230270744173 0
158 11.09050422732664 5.667954047506599 0
159 10.27331789648687 3.187534456792176 0
160 5.133257404277149 14.03319212066428 0
161 11.98255480850347 3.192146765298715 0
162 12.83491202583824 3.685748025664293 0
163 12.83860021242446 4.659239004015863 0
164 5.984482967631237 12.55444491626363 0
165 6.834070867295332 12.06309143491916 0
166 6.84163580747994 9.106568497923279 0
167 6.839716049762661 10.09242126915412 0
168 7.69212388399747 9.600222569457157 0
169 7.688515660630252 10.58546913789623 0
170 8.5412045834982 10.09129952789333 0
171 8.542084475088995 9.111700115268066 0
172 3.421410536053151 9.103880187707283 0
173 12.84021750546096 2.705306257393296 0
174 13.69054683942569 3.194044417851069 0
175 9.389616564128925 9.60232789316869 0
176 9.390562471954578 8.623858067967442 0
177 2.575616008361088 12.55491061298631 0
178 2.579788666817382 11.55856807083048 0
179 2.563793718679469 9.565204160622566 0
180 2.563041470785713 8.606869422270673 0
181 5.125158457633717 14.99942637507974 0
182 5.95856533407089 14.51875547319649 0
183 11.96844232672684 2.253035600223249 0
184 13.60839613128842 2.137024132447027 0
185 14.56175323921423 2.659430991191448 0
186 14.53320437583459 3.694959013301279 0
187 9.356123490594753 10.57331841429174 0
188 4.229867874845699 16.37757869519893 0
189 6.762568662685347 13.04307423377012 0
190 7.715288857950476 12.62116255100188 0
191 10.24667221642732 9.133392076998812 0
192 10.23963183571153 8.139728136862736 0
193 11.08035314414726 8.631205758935387 0
194 11.084372569314 7.650949818207957 0
195 11.90085228690493 8.234008893105472 0
196 12.03354494545501 7.241430910287392 0
197 12.80714812772396 6.507964722902675 0
198 3.442884354160359 17.98064452715745 0
199 5.883304042145451 15.47783836088249 0
200 6.829074391192057 15.04427704870646 0
201 11.08925026488894 6.676661908734923 0
202 10.14819597299257 10.15160539627505 0
203 2.514043699478227 18.4751628469328 0
204 9.393272207360432 7.643644509177404 0
205 7.679551618546815 11.55780476338092 0
206 5.943595862122401 13.53910243453994 0
207 15.49784740357575 0.8647826016606177 0
208 15.99107310529359 1.770283584819855 0
209 15.0755231699186 1.746829476388941 0
210 4.278570925801343 15.49655931321072 0
211 13.66680904814806 4.143483061998135 0
212 13.70920796117327 5.153330553460394 0
213 11.95545271800258 5.158508826709735 0
214 13.5308538272561 1.028968443769518 0
215 0.8633797988115287 16.50492374143365 0
216 17.45419994838319 0.7698347886346955 0
217 5.985413088670861 10.58619071637961 0
218 5.125309963545893 13.04909822582077 0
219 6.845168840050823 8.119588476833169 0
220 8.505868871017928 11.0205538126303 0
221 11.49984720970503 0.8170500652493647 0
222 10.50011093858234 0.8569250784003202 0
223 9.982956021796163 1.696333993161244 0
224 9.004543709932191 1.730881932695318 0
225 8.503069571623017 0.8673005269357971 0
226 8.007711615253836 1.7329519741668 0
227 8.453346147326336 2.568620975953554 0
228 7.507426646203491 2.59511922486314 0
229 7.012182406647276 1.73828786225632 0
230 6.517113047839214 2.602251842826318 0
231 7.009061786236055 3.390337692343961 0
232 6.022512113314339 3.445361451513522 0
233 5.522017196466956 2.60372914372291 0
234 5.028399393639299 3.468803806075228 0
235 4.526326490617845 2.611267514750699 0
236 4.0324289811663 3.477790699342242 0
237 3.530006129541846 2.617483239383222 0
238 3.035876791695908 3.48346443561567 0
239 3.538555183313719 4.344652332625515 0
240 2.542187530654524 4.349554978086571 0
241 3.044974269396784 5.210108423292365 0
242 2.532307410373987 2.622185961445762 0
243 5.536476333492555 4.262933481336002 0
244 2.063314469351767 5.206919121691187 0
245 2.569089508031154 6.06512046960497 0
246 5.020386558551613 1.747137363610185 0
247 3.59293933103889 6.158678555299065 0
248 3.004966369617259 7.026769471281852 0
249 2.006154909903052 6.951531137806793 0
250 1.556057019753808 4.368154799246385 0
251 0.9982591908672298 5.324324366037128 0
252 3.027052458133634 1.755506145716175 0
253 2.009363055409602 1.717833197319736 0
254 1.519396043022946 2.569260723352857 0
255 11.06895489974322 1.739468995499915 0
256 0.8466725873574926 22.59701616172125 0
257 7.504282713053831 0.8676878258370637 0
258 0.8644011475555141 14.50751222353981 0
259 0.8620651911059343 13.50940131114104 0
260 1.726517976040689 14.01118216941235 0
261 4.02493256236058 5.187057743551005 0
262 4.533671295562465 4.318830143666699 0
263 0.8647563706115743 11.51354020420331 0
264 0.8574477116230306 10.50286154086925 0
265 1.719572287306116 11.03731963827369 0
266 0.8684627433773491 8.488519337897138 0
267 0.9227964399894321 7.478188186727481 0
268 1.796135582871757 7.929078644661058 0
269 6.835325538280793 11.0760313930111 0
270 7.693904576577609 8.616812752519412 0
271 5.504686503435355 0.8692404652112309 0
272 4.508730215293873 0.8729280999585181 0
273 2.510543368475071 0.8640719516511799 0
274 8.750441713287707 12.7633648472288 0
275 8.16753045704065 13.53401958256071 0
276 6.01628322817169 1.742430273410096 0
277 2.019491018903591 3.480302089876347 0
278 5.153910330703956 17.34318167450126 0
279 4.024197553808296 1.75249992944866 0
280 8.552509024665737 7.134643021258754 0
281 3.4304880113572 11.0771782228864 0
282 4.286820420014489 8.611934908804809 0
283 5.982979854625754 5.706037950171465 0
284 7.597420983164149 4.732559003517978 0
285 16.62558652339884 2.682259857535842 0
286 15.59484585192235 2.64929536945808 0
287 15.30893254513349 4.323817657283729 0
288 8.544386219663718 8.133402512525054 0
289 10.24006116646606 7.160164110762849 0
290 2.716536285286375 20.32611562193676 0
291 9.443634275873528 3.679629770825266 0
292 3.428454168633744 7.980051407072724 0
293 1.725425067645297 16.01650855932758 0
294 10.25266010725792 6.160009634113237 0
295 11.13674402847803 2.744256911454678 0
296 9.469938118570214 2.657859935869812 0
297 1.723016116383818 15.01507286412954 0
298 13.6705082825343 6.69756007449518 0
299 2.581576334928236 13.5413052185884 0
300 1.716497578939941 13.03003667478383 0
301 5.070065630954616 5.189476564802446 0
302 3.908116936341455 18.80831173086025 0
303 1.719873655934453 12.03503366984303 0
304 2.56812184290271 10.55527690603464 0
305 14.21868319577403 5.935552617196316 0
306 1.696179424111501 10.01046323574564 0
307 4.392190345432338 6.69082709553311 0
308 1.696454734097725 9.004370803679706 0
309 12.74131829845351 1.738668707636264 0
310 7.947845661397829 3.332580188190225 0
311 1.53378601938288 0.8240718142326477 0
312 6.65008922109903 4.271674807973583 0
313 10.01692647641589 11.16411523534081 0
314 18.49679274579708 0.7340288920243203 0
315 12.77170060572745 5.605443263040833 0
316 1.700568696387528 6.00957901902801 0
317 0.5329708811090762 23.46485777779728 0
318 5.042027341081837 15.90468650673753 0
319 11.92057145493124 6.156633977136813 0
320 11.79018403504763 9.102409675004429 0
321 6.704500286482363 14.02158523491007 0
322 8.52272725780074 11.89060597239321 0
323 2.504631913491114 19.4265795164462 0
324 2.582636459314373 7.712670413108285 0
325 1.57496221228356 21.86420526380632 0
326 0.6729342477377506 2.531237574244795 0
327 0.7094290028702431 4.452830467704494 0
328 4.25640618472741 17.24373058288226 0
329 17.84397772461343 1.519568213247303 0
330 14.42032372023806 4.465398859895278 0
331 14.26242499491231 1.683226816333244 0
332 10.39964867039595 2.409493493650928 0
333 15.26900815284084 3.410019056801418 0
334 4.414441588568666 5.891352353278963 0
335 0.7320508075684264 0.7320508075696587 0
336 8.74517224734722 3.302568326050584 0
337 6.051465967215846 4.894514779758132 0
338 11.99999999999385 1.44165240819828 0
339 10.76605459506138 10.62532047197239 0
340 7.392257380384666 13.51580043085216 0
341 16.89606577823962 1.620162139071448 0
342 12.65332542029492 8.078214307354024 0
343 13.47774416994086 5.967330519522257 0
344 6.515413201176148 15.9344546361575 0
345 9.223296043717697 11.2731730027085 0
346 3.750805511999298 7.097254536895035 0
347 3.187995694981591 18.85190005734526 0
348 7.535632990693137 3.971502152406729 0
349 1.366967164001887 21.00074526663538 0
350 4.955613744486071 16.61111126191955 0
$EndNodes
$Elements
698
1 1 2 7 1 1 7
2 1 2 7 1 7 8
3 1 2 7 1 8 9
4 1 2 7 1 9 10
5 1 2 7 1 10 11
6 1 2 7 1 11 12
7 1 2 7 1 12 13
8 1 2 7 1 13 14
9 1 2 7 1 14 15
10 1 2 7 1 15 16
11 1 2 7 1 16 17
12 1 2 7 1 17 18
13 1 2 7 1 18 19
14 1 2 7 1 19 20
15 1 2 7 1 20 4
16 1 2 6 2 4 21
17 1 2 6 2 21 22
18 1 2 6 2 22 23
19 1 2 6 2 23 24
20 1 2 6 2 24 3
21 1 2 2 4 3 25
22 1 2 2 4 25 26
23 1 2 2 4 26 27
24 1 2 2 4 27 28
25 1 2 2 4 28 29
26 1 2 2 4 29 30
27 1 2 2 4 30 31
28 1 2 2 4 31 32
29 1 2 2 4 32 33
30 1 2 2 4 33 34
31 1 2 2 4 34 35
32 1 2 2 4 35 36
33 1 2 2 4 36 37
34 1 2 2 4 37 38
35 1 2 2 4 38 39
36 1 2 2 4 39 40
37 1 2 2 4 40 41
38 1 2 2 4 41 42
39 1 2 2 4 42 43
40 1 2 2 4 43 44
41 1 2 2 4 44 45
42 1 2 2 4 45 46
43 1 2 2 4 46 47
44 1 2 2 4 47 48
45 1 2 2 4 48 49
46 1 2 2 4 49 50
47 1 2 2 4 50 51
48 1 2 2 4 51 52
49 1 2 2 4 52 53
50 1 2 2 4 53 54
51 1 2 2 4 54 55
52 1 2 2 4 55 56
53 1 2 2 4 56 2
54 1 2 3 5 2 57
55 1 2 3 5 57 58
56 1 2 3 5 58 5
57 1 2 5 6 5 59
58 1 2 5 6 59 60
59 1 2 5 6 60 61
60 1 2 5 6 61 62
61 1 2 5 6 62 63
62 1 2 5 6 63 64
63 1 2 5 6 64 65
64 1 2 5 6 65 66
65 1 2 5 6 66 67
66 1 2 5 6 67 68
67 1 2 5 6 68 69
68 1 2 5 6 69 70
69 1 2 5 6 70 71
70 1 2 5 6 71 72
71 1 2 5 6 72 73
72 1 2 5 6 73 74
73 1 2 5 6 74 75
74 1 2 5 6 75 76
75 1 2 5 6 76 77
76 1 2 5 6 77 6
77 1 2 4 7 6 78
78 1 2 4 7 78 1
79 2 2 27 1 79 249 267
80 2 2 27 1 79 74 251
81 2 2 27 1 285 208 341
82 2 2 27 1 214 184 309
83 2 2 27 1 57 56 2
84 2 2 27 1 184 214 331
85 2 2 27 1 101 253 254
86 2 2 27 1 208 285 286
87 2 2 27 1 103 285 341
88 2 2 27 1 267 249 268
89 2 2 27 1 74 75 251
90 2 2 27 1 185 209 286
91 2 2 27 1 101 254 326
92 2 2 27 1 79 251 316
93 2 2 27 1 329 103 341
94 2 2 27 1 209 208 286
95 2 2 27 1 216 329 341
96 2 2 27 1 213 315 319
97 2 2 27 1 249 79 316
98 2 2 27 1 36 195 342
99 2 2 27 1 195 36 320
100 2 2 27 1 284 145 312
101 2 2 27 1 90 254 277
102 2 2 27 1 250 90 277
103 2 2 27 1 284 312 348
104 2 2 27 1 80 191 193
105 2 2 27 1 187 202 313
106 2 2 27 1 292 248 346
107 2 2 27 1 248 292 324
108 2 2 27 1 253 101 311
109 2 2 27 1 315 197 319
110 2 2 27 1 196 86 342
111 2 2 27 1 24 3 25
112 2 2 27 1 256 55 317
113 2 2 27 1 86 196 197
114 2 2 27 1 102 106 290
115 2 2 27 1 190 274 275
116 2 2 27 1 191 80 202
117 2 2 27 1 313 202 339
118 2 2 27 1 85 44 200
119 2 2 27 1 266 268 308
120 2 2 27 1 58 256 317
121 2 2 27 1 212 91 305
122 2 2 27 1 209 185 331
123 2 2 27 1 266 267 268
124 2 2 27 1 44 45 200
125 2 2 27 1 195 196 342
126 2 2 27 1 159 291 296
127 2 2 27 1 263 265 303
128 2 2 27 1 57 58 317
129 2 2 27 1 255 183 295
130 2 2 27 1 54 55 256
131 2 2 27 1 268 180 308
132 2 2 27 1 88 214 309
133 2 2 27 1 304 265 306
134 2 2 27 1 91 212 330
135 2 2 27 1 265 178 303
136 2 2 27 1 179 304 306
137 2 2 27 1 185 184 331
138 2 2 27 1 258 260 297
139 2 2 27 1 283 139 301
140 2 2 27 1 111 198 203
141 2 2 27 1 198 96 302
142 2 2 27 1 106 102 349
143 2 2 27 1 158 201 294
144 2 2 27 1 179 306 308
145 2 2 27 1 216 23 314
146 2 2 27 1 107 109 203
147 2 2 27 1 287 186 333
148 2 2 27 1 186 287 330
149 2 2 27 1 187 175 202
150 2 2 27 1 252 253 273
151 2 2 27 1 175 191 202
152 2 2 27 1 93 252 273
153 2 2 27 1 80 193 320
154 2 2 27 1 274 190 322
155 2 2 27 1 109 111 203
156 2 2 27 1 180 179 308
157 2 2 27 1 93 272 279
158 2 2 27 1 55 56 317
159 2 2 27 1 252 93 279
160 2 2 27 1 260 117 297
161 2 2 27 1 107 108 109
162 2 2 27 1 296 291 336
163 2 2 27 1 205 169 220
164 2 2 27 1 153 204 280
165 2 2 27 1 62 94 108
166 2 2 27 1 185 286 333
167 2 2 27 1 271 246 272
168 2 2 27 1 272 246 279
169 2 2 27 1 108 94 109
170 2 2 27 1 169 205 269
171 2 2 27 1 167 169 269
172 2 2 27 1 182 160 206
173 2 2 27 1 201 289 294
174 2 2 27 1 105 100 106
175 2 2 27 1 199 89 318
176 2 2 27 1 271 81 276
177 2 2 27 1 61 62 108
178 2 2 27 1 246 271 276
179 2 2 27 1 289 153 294
180 2 2 27 1 207 99 208
181 2 2 27 1 207 208 209
182 2 2 27 1 229 81 257
183 2 2 27 1 188 114 210
184 2 2 27 1 148 158 294
185 2 2 27 1 60 100 105
186 2 2 27 1 21 99 207
187 2 2 27 1 204 153 289
188 2 2 27 1 206 160 218
189 2 2 27 1 174 186 211
190 2 2 27 1 81 229 276
191 2 2 27 1 142 153 280
192 2 2 27 1 144 280 288
193 2 2 27 1 156 163 213
194 2 2 27 1 217 167 269
195 2 2 27 1 110 94 215
196 2 2 27 1 280 204 288
197 2 2 27 1 87 263 303
198 2 2 27 1 125 164 218
199 2 2 27 1 106 100 107
200 2 2 27 1 97 207 209
201 2 2 27 1 94 63 215
202 2 2 27 1 114 116 210
203 2 2 27 1 154 126 217
204 2 2 27 1 88 19 214
205 2 2 27 1 109 94 110
206 2 2 27 1 67 87 259
207 2 2 27 1 254 90 326
208 2 2 27 1 99 22 216
209 2 2 27 1 219 144 270
210 2 2 27 1 104 59 105
211 2 2 27 1 109 110 111
212 2 2 27 1 5 59 104
213 2 2 27 1 81 13 257
214 2 2 27 1 86 197 298
215 2 2 27 1 166 132 219
216 2 2 27 1 70 83 264
217 2 2 27 1 164 206 218
218 2 2 27 1 273 253 311
219 2 2 27 1 97 4 207
220 2 2 27 1 126 128 217
221 2 2 27 1 21 22 99
222 2 2 27 1 84 222 223
223 2 2 27 1 111 113 198
224 2 2 27 1 92 258 297
225 2 2 27 1 14 15 225
226 2 2 27 1 111 112 113
227 2 2 27 1 18 88 221
228 2 2 27 1 14 225 257
229 2 2 27 1 234 243 262
230 2 2 27 1 122 125 218
231 2 2 27 1 132 134 219
232 2 2 27 1 236 234 262
233 2 2 27 1 73 79 267
234 2 2 27 1 163 211 212
235 2 2 27 1 170 187 220
236 2 2 27 1 174 185 186
237 2 2 27 1 113 114 188
238 2 2 27 1 258 259 260
239 2 2 27 1 181 182 199
240 2 2 27 1 162 174 211
241 2 2 27 1 84 16 222
242 2 2 27 1 181 160 182
243 2 2 27 1 156 162 163
244 2 2 27 1 60 61 100
245 2 2 27 1 119 160 181
246 2 2 27 1 199 182 200
247 2 2 27 1 20 97 214
248 2 2 27 1 151 156 213
249 2 2 27 1 100 61 108
250 2 2 27 1 222 221 255
251 2 2 27 1 225 226 257
252 2 2 27 1 270 144 288
253 2 2 27 1 164 165 189
254 2 2 27 1 226 229 257
255 2 2 27 1 189 165 190
256 2 2 27 1 20 4 97
257 2 2 27 1 148 151 158
258 2 2 27 1 64 92 215
259 2 2 27 1 22 23 216
260 2 2 27 1 169 170 220
261 2 2 27 1 223 222 255
262 2 2 27 1 163 162 211
263 2 2 27 1 164 154 165
264 2 2 27 1 263 264 265
265 2 2 27 1 167 168 169
266 2 2 27 1 111 110 112
267 2 2 27 1 170 175 187
268 2 2 27 1 125 154 164
269 2 2 27 1 169 168 170
270 2 2 27 1 142 146 153
271 2 2 27 1 154 217 269
272 2 2 27 1 116 118 119
273 2 2 27 1 62 63 94
274 2 2 27 1 4 21 207
275 2 2 27 1 158 151 213
276 2 2 27 1 167 166 168
277 2 2 27 1 215 92 293
278 2 2 27 1 119 120 160
279 2 2 27 1 92 65 258
280 2 2 27 1 131 166 167
281 2 2 27 1 137 140 144
282 2 2 27 1 13 14 257
283 2 2 27 1 59 60 105
284 2 2 27 1 113 112 114
285 2 2 27 1 258 66 259
286 2 2 27 1 18 19 88
287 2 2 27 1 64 65 92
288 2 2 27 1 125 126 154
289 2 2 27 1 122 124 125
290 2 2 27 1 17 221 222
291 2 2 27 1 116 119 210
292 2 2 27 1 239 236 262
293 2 2 27 1 134 137 219
294 2 2 27 1 87 68 263
295 2 2 27 1 84 223 224
296 2 2 27 1 66 67 259
297 2 2 27 1 128 131 217
298 2 2 27 1 263 69 264
299 2 2 27 1 160 120 218
300 2 2 27 1 17 18 221
301 2 2 27 1 170 171 175
302 2 2 27 1 131 132 166
303 2 2 27 1 175 176 191
304 2 2 27 1 63 64 215
305 2 2 27 1 226 224 227
306 2 2 27 1 67 68 87
307 2 2 27 1 191 192 193
308 2 2 27 1 83 71 266
309 2 2 27 1 120 122 218
310 2 2 27 1 193 194 195
311 2 2 27 1 19 20 214
312 2 2 27 1 266 72 267
313 2 2 27 1 69 70 264
314 2 2 27 1 245 241 247
315 2 2 27 1 58 5 256
316 2 2 27 1 119 118 120
317 2 2 27 1 140 142 280
318 2 2 27 1 70 71 83
319 2 2 27 1 15 84 225
320 2 2 27 1 146 147 148
321 2 2 27 1 15 16 84
322 2 2 27 1 137 138 140
323 2 2 27 1 128 130 131
324 2 2 27 1 142 143 146
325 2 2 27 1 140 141 142
326 2 2 27 1 137 144 219
327 2 2 27 1 241 239 261
328 2 2 27 1 72 73 267
329 2 2 27 1 245 247 248
330 2 2 27 1 230 228 231
331 2 2 27 1 164 189 206
332 2 2 27 1 162 173 174
333 2 2 27 1 166 219 270
334 2 2 27 1 65 66 258
335 2 2 27 1 73 74 79
336 2 2 27 1 261 239 262
337 2 2 27 1 119 181 210
338 2 2 27 1 156 161 162
339 2 2 27 1 151 155 156
340 2 2 27 1 148 149 151
341 2 2 27 1 131 167 217
342 2 2 27 1 12 81 271
343 2 2 27 1 247 241 261
344 2 2 27 1 234 232 243
345 2 2 27 1 134 136 137
346 2 2 27 1 190 165 205
347 2 2 27 1 68 69 263
348 2 2 27 1 16 17 222
349 2 2 27 1 125 124 126
350 2 2 27 1 11 271 272
351 2 2 27 1 226 227 228
352 2 2 27 1 240 239 241
353 2 2 27 1 174 184 185
354 2 2 27 1 71 72 266
355 2 2 27 1 170 168 171
356 2 2 27 1 230 231 232
357 2 2 27 1 238 236 239
358 2 2 27 1 11 12 271
359 2 2 27 1 244 241 245
360 2 2 27 1 131 130 132
361 2 2 27 1 12 13 81
362 2 2 27 1 175 171 176
363 2 2 27 1 93 10 272
364 2 2 27 1 10 11 272
365 2 2 27 1 191 176 192
366 2 2 27 1 225 224 226
367 2 2 27 1 9 93 273
368 2 2 27 1 5 104 256
369 2 2 27 1 8 9 273
370 2 2 27 1 195 194 196
371 2 2 27 1 193 192 194
372 2 2 27 1 9 10 93
373 2 2 27 1 76 77 90
374 2 2 27 1 238 239 240
375 2 2 27 1 6 78 101
376 2 2 27 1 137 136 138
377 2 2 27 1 245 248 249
378 2 2 27 1 240 241 244
379 2 2 27 1 146 148 294
380 2 2 27 1 140 138 141
381 2 2 27 1 229 228 230
382 2 2 27 1 142 141 143
383 2 2 27 1 146 143 147
384 2 2 27 1 116 117 118
385 2 2 27 1 114 115 116
386 2 2 27 1 233 232 234
387 2 2 27 1 122 123 124
388 2 2 27 1 120 121 122
389 2 2 27 1 126 127 128
390 2 2 27 1 235 234 236
391 2 2 27 1 84 224 225
392 2 2 27 1 253 242 254
393 2 2 27 1 148 147 149
394 2 2 27 1 237 236 238
395 2 2 27 1 132 133 134
396 2 2 27 1 128 129 130
397 2 2 27 1 230 232 233
398 2 2 27 1 165 154 269
399 2 2 27 1 177 299 300
400 2 2 27 1 168 166 270
401 2 2 27 1 151 149 155
402 2 2 27 1 237 238 242
403 2 2 27 1 156 155 161
404 2 2 27 1 233 234 235
405 2 2 27 1 238 240 277
406 2 2 27 1 252 242 253
407 2 2 27 1 237 242 252
408 2 2 27 1 250 244 251
409 2 2 27 1 162 161 173
410 2 2 27 1 226 228 229
411 2 2 27 1 235 236 237
412 2 2 27 1 230 233 276
413 2 2 27 1 37 38 80
414 2 2 27 1 40 41 82
415 2 2 27 1 134 135 136
416 2 2 27 1 132 130 133
417 2 2 27 1 233 235 246
418 2 2 27 1 240 244 250
419 2 2 27 1 254 242 277
420 2 2 27 1 144 140 280
421 2 2 27 1 240 250 277
422 2 2 27 1 229 230 276
423 2 2 27 1 41 42 274
424 2 2 27 1 42 43 275
425 2 2 27 1 128 127 129
426 2 2 27 1 43 44 85
427 2 2 27 1 242 238 277
428 2 2 27 1 114 112 115
429 2 2 27 1 174 173 184
430 2 2 27 1 126 124 127
431 2 2 27 1 233 246 276
432 2 2 27 1 134 133 135
433 2 2 27 1 122 121 123
434 2 2 27 1 135 133 152
435 2 2 27 1 34 35 86
436 2 2 27 1 107 100 108
437 2 2 27 1 120 118 121
438 2 2 27 1 136 135 139
439 2 2 27 1 46 47 89
440 2 2 27 1 205 165 269
441 2 2 27 1 171 168 270
442 2 2 27 1 141 138 145
443 2 2 27 1 138 136 283
444 2 2 27 1 147 143 150
445 2 2 27 1 130 129 282
446 2 2 27 1 172 179 180
447 2 2 27 1 127 124 281
448 2 2 27 1 116 115 117
449 2 2 27 1 192 176 204
450 2 2 27 1 124 123 281
451 2 2 27 1 129 127 157
452 2 2 27 1 237 252 279
453 2 2 27 1 31 32 91
454 2 2 27 1 133 130 282
455 2 2 27 1 235 237 279
456 2 2 27 1 196 194 201
457 2 2 27 1 47 48 278
458 2 2 27 1 145 138 283
459 2 2 27 1 129 157 172
460 2 2 27 1 183 255 338
461 2 2 27 1 246 235 279
462 2 2 27 1 82 41 274
463 2 2 27 1 172 157 179
464 2 2 27 1 152 133 282
465 2 2 27 1 30 31 287
466 2 2 27 1 123 177 178
467 2 2 27 1 274 42 275
468 2 2 27 1 43 85 275
469 2 2 27 1 155 149 159
470 2 2 27 1 136 139 283
471 2 2 27 1 123 121 177
472 2 2 27 1 48 49 96
473 2 2 27 1 50 51 98
474 2 2 27 1 129 172 282
475 2 2 27 1 157 127 281
476 2 2 27 1 110 215 293
477 2 2 27 1 29 30 95
478 2 2 27 1 143 141 284
479 2 2 27 1 176 171 288
480 2 2 27 1 51 52 290
481 2 2 27 1 123 178 281
482 2 2 27 1 194 192 289
483 2 2 27 1 173 161 183
484 2 2 27 1 141 145 284
485 2 2 27 1 224 223 296
486 2 2 27 1 150 143 284
487 2 2 27 1 152 282 292
488 2 2 27 1 28 29 285
489 2 2 27 1 52 53 102
490 2 2 27 1 171 270 288
491 2 2 27 1 89 47 278
492 2 2 27 1 204 176 288
493 2 2 27 1 112 110 293
494 2 2 27 1 147 150 291
495 2 2 27 1 282 172 292
496 2 2 27 1 149 147 291
497 2 2 27 1 192 204 289
498 2 2 27 1 201 194 289
499 2 2 27 1 153 146 294
500 2 2 27 1 259 87 300
501 2 2 27 1 27 28 103
502 2 2 27 1 115 112 293
503 2 2 27 1 172 180 292
504 2 2 27 1 31 91 287
505 2 2 27 1 159 149 291
506 2 2 27 1 48 96 278
507 2 2 27 1 293 92 297
508 2 2 27 1 95 30 287
509 2 2 27 1 98 51 290
510 2 2 27 1 117 260 299
511 2 2 27 1 261 262 301
512 2 2 27 1 283 301 337
513 2 2 27 1 29 95 285
514 2 2 27 1 52 102 290
515 2 2 27 1 155 159 295
516 2 2 27 1 285 95 286
517 2 2 27 1 183 161 295
518 2 2 27 1 103 28 285
519 2 2 27 1 178 265 304
520 2 2 27 1 299 260 300
521 2 2 27 1 227 224 296
522 2 2 27 1 85 200 321
523 2 2 27 1 118 117 299
524 2 2 27 1 161 155 295
525 2 2 27 1 115 293 297
526 2 2 27 1 158 213 319
527 2 2 27 1 34 86 298
528 2 2 27 1 117 115 297
529 2 2 27 1 96 198 328
530 2 2 27 1 177 121 299
531 2 2 27 1 265 264 306
532 2 2 27 1 216 314 329
533 2 2 27 1 33 34 298
534 2 2 27 1 96 49 302
535 2 2 27 1 50 98 302
536 2 2 27 1 121 118 299
537 2 2 27 1 179 157 304
538 2 2 27 1 91 32 305
539 2 2 27 1 139 135 307
540 2 2 27 1 281 178 304
541 2 2 27 1 262 243 301
542 2 2 27 1 228 227 310
543 2 2 27 1 260 259 300
544 2 2 27 1 178 177 303
545 2 2 27 1 213 163 315
546 2 2 27 1 300 87 303
547 2 2 27 1 243 232 312
548 2 2 27 1 173 183 309
549 2 2 27 1 7 8 311
550 2 2 27 1 90 250 327
551 2 2 27 1 89 199 344
552 2 2 27 1 49 50 302
553 2 2 27 1 33 298 305
554 2 2 27 1 23 24 314
555 2 2 27 1 40 82 313
556 2 2 27 1 197 196 319
557 2 2 27 1 177 300 303
558 2 2 27 1 188 210 318
559 2 2 27 1 264 83 306
560 2 2 27 1 157 281 304
561 2 2 27 1 306 83 308
562 2 2 27 1 32 33 305
563 2 2 27 1 190 275 340
564 2 2 27 1 135 152 307
565 2 2 27 1 83 266 308
566 2 2 27 1 181 199 318
567 2 2 27 1 206 189 321
568 2 2 27 1 245 249 316
569 2 2 27 1 190 205 322
570 2 2 27 1 249 248 324
571 2 2 27 1 251 244 316
572 2 2 27 1 184 173 309
573 2 2 27 1 268 249 324
574 2 2 27 1 231 228 310
575 2 2 27 1 248 247 346
576 2 2 27 1 200 182 321
577 2 2 27 1 37 80 320
578 2 2 27 1 196 201 319
579 2 2 27 1 107 203 323
580 2 2 27 1 227 296 336
581 2 2 27 1 8 273 311
582 2 2 27 1 232 231 312
583 2 2 27 1 301 243 337
584 2 2 27 1 90 77 326
585 2 2 27 1 6 101 326
586 2 2 27 1 105 106 349
587 2 2 27 1 150 284 348
588 2 2 27 1 99 216 341
589 2 2 27 1 198 113 328
590 2 2 27 1 247 307 346
591 2 2 27 1 39 40 313
592 2 2 27 1 212 211 330
593 2 2 27 1 214 97 331
594 2 2 27 1 163 212 315
595 2 2 27 1 102 53 325
596 2 2 27 1 202 80 339
597 2 2 27 1 255 221 338
598 2 2 27 1 25 26 314
599 2 2 27 1 251 75 327
600 2 2 27 1 186 185 333
601 2 2 27 1 201 158 319
602 2 2 27 1 278 328 350
603 2 2 27 1 78 1 335
604 2 2 27 1 1 7 335
605 2 2 27 1 27 103 329
606 2 2 27 1 35 36 342
607 2 2 27 1 80 38 339
608 2 2 27 1 310 150 348
609 2 2 27 1 46 89 344
610 2 2 27 1 189 190 340
611 2 2 27 1 95 287 333
612 2 2 27 1 200 45 344
613 2 2 27 1 287 91 330
614 2 2 27 1 24 25 314
615 2 2 27 1 152 292 346
616 2 2 27 1 244 245 316
617 2 2 27 1 323 203 347
618 2 2 27 1 76 90 327
619 2 2 27 1 54 256 325
620 2 2 27 1 328 188 350
621 2 2 27 1 210 181 318
622 2 2 27 1 193 195 320
623 2 2 27 1 199 200 344
624 2 2 27 1 256 104 325
625 2 2 27 1 290 106 323
626 2 2 27 1 261 301 334
627 2 2 27 1 56 57 317
628 2 2 27 1 36 37 320
629 2 2 27 1 180 268 324
630 2 2 27 1 182 206 321
631 2 2 27 1 205 220 322
632 2 2 27 1 82 274 322
633 2 2 27 1 106 107 323
634 2 2 27 1 278 96 328
635 2 2 27 1 298 197 343
636 2 2 27 1 312 231 348
637 2 2 27 1 39 313 339
638 2 2 27 1 301 139 334
639 2 2 27 1 75 76 327
640 2 2 27 1 296 223 332
641 2 2 27 1 98 290 323
642 2 2 27 1 292 180 324
643 2 2 27 1 102 325 349
644 2 2 27 1 159 296 332
645 2 2 27 1 223 255 332
646 2 2 27 1 53 54 325
647 2 2 27 1 203 198 347
648 2 2 27 1 321 189 340
649 2 2 27 1 82 322 345
650 2 2 27 1 77 6 326
651 2 2 27 1 197 315 343
652 2 2 27 1 255 295 332
653 2 2 27 1 314 26 329
654 2 2 27 1 309 183 338
655 2 2 27 1 250 251 327
656 2 2 27 1 322 220 345
657 2 2 27 1 98 323 347
658 2 2 27 1 247 261 334
659 2 2 27 1 113 188 328
660 2 2 27 1 26 27 329
661 2 2 27 1 211 186 330
662 2 2 27 1 291 150 336
663 2 2 27 1 88 309 338
664 2 2 27 1 97 209 331
665 2 2 27 1 7 311 335
666 2 2 27 1 145 283 337
667 2 2 27 1 198 302 347
668 2 2 27 1 307 247 334
669 2 2 27 1 286 95 333
670 2 2 27 1 295 159 332
671 2 2 27 1 188 318 350
672 2 2 27 1 310 227 336
673 2 2 27 1 101 78 335
674 2 2 27 1 243 312 337
675 2 2 27 1 139 307 334
676 2 2 27 1 221 88 338
677 2 2 27 1 208 99 341
678 2 2 27 1 313 82 345
679 2 2 27 1 150 310 336
680 2 2 27 1 38 39 339
681 2 2 27 1 104 105 349
682 2 2 27 1 275 85 340
683 2 2 27 1 220 187 345
684 2 2 27 1 45 46 344
685 2 2 27 1 86 35 342
686 2 2 27 1 305 298 343
687 2 2 27 1 212 305 343
688 2 2 27 1 312 145 337
689 2 2 27 1 89 278 350
690 2 2 27 1 311 101 335
691 2 2 27 1 302 98 347
692 2 2 27 1 325 104 349
693 2 2 27 1 315 212 343
694 2 2 27 1 85 321 340
695 2 2 27 1 307 152 346
696 2 2 27 1 187 313 345
697 2 2 27 1 231 310 348
698 2 2 27 1 318 89 350
$EndElements
$NodeData
1
"Dezplazamientos(m)"
1
0
3
0
3
350
1 -0.0004920288859139973 3.293362238880738e-05 0
2 0.00040981236003919167 -2.430097186774162e-05 0
3 -0.0016083622051276255 -0.004147134682875543 0
4 -0.001278973292543993 -0.0019886329290108844 0
5 0.00020296383135646036 -2.272311264206935e-05 0
6 -0.00023681101847239085 3.640471292234148e-05 0
7 -0.0004888941479438756 -8.022843794951035e-05 0
8 -0.0004889692766831233 -0.00017691170729398347 0
9 -0.0005014974109204082 -0.00025708720149429903 0
10 -0.0005268673717642234 -0.0003311159839381795 0
11 -0.0005628577822314026 -0.00040654674897918096 0
12 -0.0006075193717081291 -0.00048755412702360443 0
13 -0.0006595036113073208 -0.0005770889725375461 0
14 -0.0007179715447279303 -0.0006776600287311117 0
15 -0.0007824361942992235 -0.0007916711230053189 0
16 -0.0008527354682417997 -0.0009220887637109991 0
17 -0.0009286854281039142 -0.0010718587513878334 0
18 -0.0010114027743591413 -0.0012460881669761406 0
19 -0.0010991594584113806 -0.0014491004499089188 0
20 -0.001187124543241516 -0.0016900159810063604 0
21 -0.001363466148861641 -0.0023263137039236446 0
22 -0.0014440764456164358 -0.002687798785362111 0
23 -0.0015210118314895884 -0.0031007576403131775 0
24 -0.0015841883544914148 -0.0035840706281606957 0
25 -0.0012090435405282597 -0.0037702554678736254 0
26 -0.0008918393816723299 -0.003409854405212599 0
27 -0.0006376513950734791 -0.003081059583793737 0
28 -0.0004339105245085382 -0.0027756291901381465 0
29 -0.00026443153621619436 -0.002503237866773122 0
30 -0.00013173079769164078 -0.00225379193631899 0
31 -2.3298564847398028e-05 -0.002031615381739815 0
32 6.32150236370276e-05 -0.0018299425308083202 0
33 0.00013291249623916218 -0.0016491585733703481 0
34 0.0001898634649424829 -0.0014844187454945207 0
35 0.000236600331785173 -0.0013355231857636602 0
36 0.00027339276428556833 -0.001198896678244988 0
37 0.00030091643904458967 -0.001072739874266713 0
38 0.0003216425816039874 -0.0009576250281560933 0
39 0.00033359117066588523 -0.0008501048729947117 0
40 0.0003393893641278305 -0.0007518852504419169 0
41 0.0003378310812059127 -0.000661251094971289 0
42 0.0003298064653481775 -0.0005785603050722846 0
43 0.0003145984769353324 -0.0005036695760715075 0
44 0.0002932307773382203 -0.00043666491940242444 0
45 0.000266604754331148 -0.00037850439131793324 0
46 0.00023375122037782924 -0.0003291075325490882 0
47 0.0001992709041837079 -0.00029012575114861186 0
48 0.0001652048962566125 -0.0002618384969295599 0
49 0.00013761438496679159 -0.0002430315143725869 0
50 0.00012199052296595102 -0.0002311846208167184 0
51 0.00012440341440320374 -0.0002232026973834498 0
52 0.0001492244260610753 -0.00021028847510556767 0
53 0.00019472209267478894 -0.000186616528700324 0
54 0.00024916472398203607 -0.00015128066383144882 0
55 0.00030384930244401956 -0.00010881506309114644 0
56 0.00035696812238327315 -6.658771038691774e-05 0
57 0.0003400894194575453 -2.430675369199394e-05 0
58 0.00027049732593234705 -2.4041663204041173e-05 0
59 0.0001301039711208681 -1.4531038342030126e-05 0
60 0.0 0.0 0
61 0.0 0.0 0
62 0.0 0.0 0
63 0.00010192450442011658 -0.0001121546684690667 0
64 0.00016407972172660792 -0.00015809503753716226 0
65 0.000205945436331561 -0.00017371348020271224 0
66 0.00023064808680592146 -0.00017302423467660717 0
67 0.00023993357114554547 -0.00016265231997422645 0
68 0.00023520442094814243 -0.00014645659573939032 0
69 0.00021792651833146744 -0.000127019507624275 0
70 0.0001898135130725867 -0.00010622094947862056 0
71 0.00015294984150125417 -8.556900503254066e-05 0
72 0.00011020683765391277 -6.602410045069362e-05 0
73 6.530379063227125e-05 -4.764312757866403e-05 0
74 2.5167646672929792e-05 -2.757843226507182e-05 0
75 0.0 0.0 0
76 0.0 0.0 0
77 0.0 0.0 0
78 -0.0003758304713862068 3.605163623709569e-05 0
79 4.707465480707745e-05 -7.9552763086751e-05 0
80 0.0002774338603931482 -0.0009348066778257432 0
81 -0.0005491513521009867 -0.0005186839353033923 0
82 0.00032399842875506274 -0.0006603730898233032 0
83 0.0001770984421373686 -0.00012710745507216154 0
84 -0.0006992297017706032 -0.0008385175225436969 0
85 0.0003027013929606414 -0.00044253578769760287 0
86 0.00015511577404504117 -0.0013133516469172972 0
87 0.00024269565869998688 -0.00016319173189688514 0
88 -0.0008737191256557681 -0.0013242087219833367 0
89 0.00022681726057751874 -0.0002993130347909936 0
90 -5.931242998958201e-05 -5.7541272988498164e-05 0
91 -5.8290326541317294e-05 -0.0017692797739111573 0
92 0.0001846357844165592 -0.00015219952257513307 0
93 -0.0004383780439239104 -0.0002871198365193314 0
94 5.698507613934136e-05 -9.294135840874702e-05 0
95 -0.0003180405818224276 -0.0021955204630880695 0
96 0.0001548987762072409 -0.00024402009790792505 0
97 -0.000997758161362763 -0.001818348628397747 0
98 0.00011328375962546989 -0.0002150397734726183 0
99 -0.0011035022320964715 -0.0024432375072308797 0
100 3.830101004854473e-05 -7.902253736521052e-05 0
101 -0.0002992300689127921 -7.869222383498456e-05 0
102 0.0001410334601541134 -0.00017072396688759328 0
103 -0.0006574780651171196 -0.0027532985420705355 0
104 0.00016726739654365666 -8.157310933498353e-05 0
105 8.725092119392863e-05 -8.679624463609717e-05 0
106 9.201890096906346e-05 -0.00014579409169688964 0
107 6.448809493290908e-05 -0.00013640291525339506 0
108 3.495955074444094e-05 -8.097166715387019e-05 0
109 7.471243256948197e-05 -0.00013643996296078582 0
110 0.00011087450314201718 -0.00013963347419116757 0
111 0.00011911280068774192 -0.00017633360019903 0
112 0.00015524956961648174 -0.00017767103316463034 0
113 0.00016045158685531956 -0.00021021128437296037 0
114 0.00019310425382026872 -0.0002134950167378906 0
115 0.00019557776602977843 -0.00018536202504620887 0
116 0.000223774014466976 -0.00022007126946906166 0
117 0.0002268886118968534 -0.0001941763600960825 0
118 0.0002452608891007597 -0.00022761429727128453 0
119 0.00024784451458134574 -0.00025937365748450344 0
120 0.00026080902097046373 -0.00026811062377261484 0
121 0.0002548290508987567 -0.0002343493863198141 0
122 0.00026232983128904975 -0.0002759630139981443 0
123 0.00025165558089386517 -0.00023889580172475633 0
124 0.00025171634177269405 -0.00028207045851114186 0
125 0.0002670312484320351 -0.0003258759930651069 0
126 0.00024911895572028925 -0.00033398885821168196 0
127 0.00022927040732617583 -0.00028612546105643443 0
128 0.00021961492254235742 -0.0003400898534694114 0
129 0.00019573036785186775 -0.0002881414445427976 0
130 0.00017902926964699536 -0.00034435889483869697 0
131 0.0002066872562042483 -0.000403240609167885 0
132 0.0001584014808161861 -0.00040974022409462243 0
133 0.00012803273033911336 -0.00034745595053450526 0
134 9.909093816884056e-05 -0.00041515624071031124 0
135 6.762410545617923e-05 -0.0003505071031052346 0
136 2.924827215758747e-05 -0.00042028691606582006 0
137 6.527470046370818e-05 -0.0004917256427234295 0
138 -1.441993669180979e-05 -0.000498420194182574 0
139 1.1656154448083414e-06 -0.0003545049976993221 0
140 2.662181030773737e-05 -0.0005772707248927228 0
141 -6.342324886051898e-05 -0.0005848951876211457 0
142 -1.6968331496962534e-05 -0.0006728184637563924 0
143 -0.00011811910589000222 -0.0006809553070987877 0
144 0.00010486671650417864 -0.0005685642093683118 0
145 -9.898491820482347e-05 -0.0005011181725861223 0
146 -6.580489691794094e-05 -0.0007793714150168096 0
147 -0.0001791945868796648 -0.0007877712979543855 0
148 -0.00012041470099816455 -0.0008986638873643426 0
149 -0.00024729422609293084 -0.0009073907257271669 0
150 -0.00023429953392429143 -0.0006785885236473249 0
151 -0.00018188285270683666 -0.0010328670615891438 0
152 9.985524673385503e-05 -0.0002923280028484469 0
153 3.374427699811437e-05 -0.0007698649915029392 0
154 0.00026871229860187494 -0.0003846285911336631 0
155 -0.0003243253696354108 -0.0010422064381088488 0
156 -0.0002516974042778275 -0.0011842848272712767 0
157 0.0002090537746076656 -0.00024122168016263537 0
158 -5.4905916089153487e-05 -0.0010165395429176905 0
159 -0.00038719126972282665 -0.0009156645003729045 0
160 0.0002677970410766233 -0.0003048787315244697 0
161 -0.00041184887555085304 -0.0011945337186763743 0
162 -0.0003312455608921835 -0.001355991291160315 0
163 -0.0001733001855831209 -0.0013431100309951515 0
164 0.00028212357876911636 -0.0003722497538536676 0
165 0.0002877076252157756 -0.00043770480183731337 0
166 0.00019025644969455978 -0.0004759045576430303 0
167 0.00023483938785245624 -0.00046554806564388186 0
168 0.00022281384490186856 -0.0005462292300461591 0
169 0.00026286612500842684 -0.0005312523932479818 0
170 0.0002551035329171915 -0.0006207245937241736 0
171 0.0002077484495753143 -0.000637360197084639 0
172 0.0001718915123690391 -0.00023879087746387593 0
173 -0.0005119167184897494 -0.0013688988720155586 0
174 -0.00042367830415609216 -0.0015528603525934708 0
175 0.000244762934932811 -0.0007212239696268467 0
176 0.00018947923449937884 -0.0007398890399875344 0
177 0.000249304032920885 -0.00020468432252843179 0
178 0.00024034346711625004 -0.0002054977023043345 0
179 0.00018673944961119992 -0.00019761389511314308 0
180 0.000147506197261153 -0.00019090235077849876 0
181 0.00025259712743683704 -0.00029294989247749385 0
182 0.00027470175910713265 -0.00034122756709733084 0
183 -0.0005791144694410507 -0.0012014322590513603 0
184 -0.0006434387578269189 -0.001549478237531244 0
185 -0.0005407882055555181 -0.0017825604013799537 0
186 -0.00032327980917310514 -0.0017530575243606132 0
187 0.00028546168215978665 -0.0006956083762712597 0
188 0.00019902739331899457 -0.0002430805416973979 0
189 0.0002954409187175082 -0.0004154400710690474 0
190 0.0003068199645802962 -0.0004937219518836349 0
191 0.0002326768959814672 -0.0008350930398873487 0
192 0.00016844556529364716 -0.000854958765909763 0
193 0.00021584080240995724 -0.0009600279962178062 0
194 0.00014351694453945777 -0.0009834477795422774 0
195 0.00020233626609130538 -0.001095068479121182 0
196 0.0001243509520726016 -0.001142756641484807 0
197 6.493106892061756e-05 -0.0012993231698157515 0
198 0.0001328177296457527 -0.00021250910497586946 0
199 0.00025569770908653535 -0.00032136057529289603 0
200 0.0002802892215787811 -0.00037768602501607137 0
201 5.4731667516618465e-05 -0.0010020780024898655 0
202 0.0002815072900109541 -0.0007969719114327493 0
203 9.50688597752797e-05 -0.00017675607455799018 0
204 0.00011994575222283468 -0.0007551646251262182 0
205 0.00029004897502418 -0.0005132500615027863 0
206 0.0002833503263590535 -0.00035568612982788534 0
207 -0.0010450252559782735 -0.0021150915225552867 0
208 -0.0007917349121383786 -0.00224442134879165 0
209 -0.0007749110613085963 -0.00195320218306628 0
210 0.00022555827177600372 -0.0002508776637289655 0
211 -0.0002480496284225029 -0.001530922769064013 0
212 -8.803408397952104e-05 -0.0015180342788676331 0
213 -0.00011076200288448701 -0.001168048878583614 0
214 -0.000895281344912878 -0.0015478995504591372 0
215 0.00013070373935685165 -0.00012773921323421515 0
216 -0.0011720649051515206 -0.0028302234330480967 0
217 0.00024360185655706595 -0.0003949090770146127 0
218 0.0002730552682991429 -0.00031563389459632866 0
219 0.00013367547405933387 -0.00048449755238032927 0
220 0.000287752017543372 -0.000598556468426732 0
221 -0.0008221636211269438 -0.001138145866064076 0
222 -0.0007570090558641307 -0.0009771926827060466 0
223 -0.0006014166440503402 -0.0008904376960881049 0
224 -0.0005567459667260161 -0.0007640708151961683 0
225 -0.0006456706929142725 -0.0007180102436652097 0
226 -0.0005162420466354404 -0.0006518984789794823 0
227 -0.00042706251553539207 -0.0006905958938634487 0
228 -0.00039513838478130107 -0.0005910645100369173 0
229 -0.0004767890170789238 -0.0005534251150076705 0
230 -0.00036371145037081677 -0.0004986697069212033 0
231 -0.0002906316965477645 -0.0005350993610964904 0
232 -0.0002600195239717256 -0.0004472491591969173 0
233 -0.00033222119179830516 -0.0004157133859215874 0
234 -0.00023042741011582965 -0.00036701797950828164 0
235 -0.000298958836841279 -0.00033973052054648645 0
236 -0.00019935171108053927 -0.00029226045907960075 0
237 -0.00026364191544770343 -0.00026796396454171367 0
238 -0.00016398772742167426 -0.0002196803372741196 0
239 -0.00011113493923326455 -0.00024604264210732003 0
240 -8.13269767075094e-05 -0.00017302666048819192 0
241 -3.8000525421080785e-05 -0.0002046133761374346 0
242 -0.00022417790609954126 -0.00019695215548131627 0
243 -0.00016752703730173182 -0.00039898595838706006 0
244 -1.9149496969776992e-05 -0.0001355312766699039 0
245 2.031915112036767e-05 -0.0001726018192086507 0
246 -0.00040290121607146204 -0.00038724382540553033 0
247 1.4870960772208504e-05 -0.00024126097165890435 0
248 6.942822656342099e-05 -0.00020496348503289797 0
249 6.858714982509992e-05 -0.0001455748701671651 0
250 -4.794266155157838e-05 -9.850576624538215e-05 0
251 2.792980115593077e-06 -6.666567794379187e-05 0
252 -0.00033537757995620707 -0.00024414093519384717 0
253 -0.00030836008202283913 -0.00017072323213959762 0
254 -0.00018260540349045336 -0.0001235429315504418 0
255 -0.0006395794388392043 -0.0010515790672567615 0
256 0.00024242964612825778 -8.402261942821884e-05 0
257 -0.0005955297600355277 -0.0006122961349413572 0
258 0.00022030200164553025 -0.00016464361452584462 0
259 0.00023911219083166068 -0.00016741000907413326 0
260 0.0002334968948056799 -0.00017666631226064572 0
261 -5.830785200707386e-05 -0.0002754321377655015 0
262 -0.0001393732291643512 -0.0003202227312303322 0
263 0.00023252663664631232 -0.0001540678273116296 0
264 0.0002098323208735259 -0.00014135947817786116 0
265 0.00022684240307492123 -0.00017360469800114375 0
266 0.000136202027152201 -0.00011173313401157423 0
267 9.111879857245526e-05 -9.809788578251071e-05 0
268 0.00011460392286622589 -0.00014656616660457144 0
269 0.0002672941444878058 -0.00045274924830922367 0
270 0.0001703252117254028 -0.0005583603481621717 0
271 -0.0005070587612351668 -0.00043531242917770865 0
272 -0.0004697276022702038 -0.0003594589012342846 0
273 -0.00041395771516942873 -0.00021492724926076325 0
274 0.00032289849567788726 -0.0005766978522840339 0
275 0.0003164798892910134 -0.0005063250323566512 0
276 -0.000439021020530377 -0.00046597896778038787 0
277 -0.0001211295613383919 -0.00014493271896851538 0
278 0.00018913580606008096 -0.00026739331430930796 0
279 -0.00036830225324664337 -0.0003144395705178387 0
280 7.15073259381009e-05 -0.0006631255278419703 0
281 0.00023605595154044934 -0.0002415017629100916 0
282 0.00015217587658436705 -0.0002891690196997533 0
283 -4.574872955525719e-05 -0.0004248241940780999 0
284 -0.0001560041238268993 -0.0005805651379231121 0
285 -0.0005378163015293464 -0.002430284590333709 0
286 -0.0005496789877207507 -0.00208586173939603 0
287 -0.00019344337043357754 -0.0019456822819729066 0
288 0.0001471629499147341 -0.0006511253698050399 0
289 8.938308665555083e-05 -0.0008714167992955966 0
290 0.00011571834614229724 -0.00019606808161690075 0
291 -0.0003044873513328317 -0.0007991378269533943 0
292 0.0001194532736017795 -0.000234969615848031 0
293 0.00016388050235839177 -0.00015429121137239287 0
294 -7.455851308337315e-06 -0.0008862708466488185 0
295 -0.00047297214124544497 -0.0010523525654325008 0
296 -0.0004445624943710077 -0.0008111594133391655 0
297 0.00020630659172793202 -0.0001678693050413224 0
298 0.00010187397077957674 -0.00146465864220753 0
299 0.000244968277825436 -0.00020103700428369763 0
300 0.00024502965296676086 -0.00017981026643479388 0
301 -7.685343874573875e-05 -0.0003541592677372398 0
302 0.00012836773671759193 -0.0002276979908102309 0
303 0.0002425068863694889 -0.00017864164333564525 0
304 0.00021871274957454672 -0.00020269531521065084 0
305 2.7059782170291938e-05 -0.0016114610072255674 0
306 0.00019865390937749092 -0.0001645205581160545 0
307 4.188676292082677e-05 -0.00029688848982888815 0
308 0.00016145939187537495 -0.0001542938848442204 0
309 -0.0007031139764465436 -0.001360045369321865 0
310 -0.00031968613514240986 -0.000628701028849507 0
311 -0.000402175355794704 -0.0001342003958977195 0
312 -0.0001893906289312152 -0.0004938224566846994 0
313 0.0003148893343020425 -0.000752412515829887 0
314 -0.0012165398956876855 -0.0032975056030465277 0
315 -4.1700197272251686e-05 -0.001312985916960711 0
316 2.4986491063966486e-05 -0.00011753149261585084 0
317 0.00030278318308987154 -6.158773415161032e-05 0
318 0.00022974885773743674 -0.00027901317674961055 0
319 1.1803472308364838e-05 -0.0011464832821571798 0
320 0.00025633333753006 -0.0010503146887358842 0
321 0.0002919234240678693 -0.00039293676893449115 0
322 0.00030849371843148386 -0.0005798759988997911 0
323 9.481734911818018e-05 -0.000182565199939753 0
324 0.00010550886354745606 -0.00018502035762759316 0
325 0.00019036891966025784 -0.00013667362219056868 0
326 -0.00013994826930719203 -6.235081529058856e-05 0
327 -2.0540514915701748e-05 -4.0092556723167e-05 0
328 0.00017356620785312246 -0.0002403448722916673 0
329 -0.0008983843464362054 -0.002964093949649674 0
330 -0.00018467958759792486 -0.0017051241953490314 0
331 -0.0007675706030329623 -0.0017244077327842203 0
332 -0.0005077825121518951 -0.0009418133985014032 0
333 -0.00037594877972716134 -0.00196483001868015 0
334 -1.345453247104232e-05 -0.00030077065389231384 0
335 -0.00040911452923015316 -5.214289347919817e-05 0
336 -0.00034093853713815497 -0.0007172269681105371 0
337 -0.00011872236059178791 -0.0004366717124827755 0
338 -0.0007325786000004716 -0.001218379120127965 0
339 0.00030939271362285696 -0.0008590391346621437 0
340 0.0003045456432874545 -0.00044928917368749425 0
341 -0.0008542580651644163 -0.0025739605988379247 0
342 0.00020463240774857682 -0.0012247564415870508 0
343 1.5181649243680541e-05 -0.0014477681082247823 0
344 0.0002545683571091108 -0.00034134658799977416 0
345 0.00030499157062662235 -0.0006638887951161236 0
346 7.017531405102779e-05 -0.0002532003768978349 0
347 0.00011201608256561422 -0.0002064671686949197 0
348 -0.00023760661264267177 -0.0005810104280538861 0
349 0.00013182807341753316 -0.00012672606706302605 0
350 0.00020767987636742798 -0.0002684931750212956 0
$EndNodeData
$NodeData
1
"Fuerzas(N)"
1
0
3
0
3
350
1 0.0 0.0 0
2 0.0 0.0 0
3 0.0 -499.99999999645974 0
4 0.0 -500.0000000140154 0
5 0.0 0.0 0
6 0.0 0.0 0
7 0.0 0.0 0
8 0.0 0.0 0
9 0.0 0.0 0
10 0.0 0.0 0
11 0.0 0.0 0
12 0.0 0.0 0
13 0.0 0.0 0
14 0.0 0.0 0
15 0.0 0.0 0
16 0.0 0.0 0
17 0.0 0.0 0
18 0.0 0.0 0
19 0.0 0.0 0
20 0.0 0.0 0
21 0.0 -1000.0000000106155 0
22 0.0 -999.9999999930599 0
23 0.0 -999.9999999929248 0
24 0.0 -999.9999999929248 0
25 0.0 0.0 0
26 0.0 0.0 0
27 0.0 0.0 0
28 0.0 0.0 0
29 0.0 0.0 0
30 0.0 0.0 0
31 0.0 0.0 0
32 0.0 0.0 0
33 0.0 0.0 0
34 0.0 0.0 0
35 0.0 0.0 0
36 0.0 0.0 0
37 0.0 0.0 0
38 0.0 0.0 0
39 0.0 0.0 0
40 0.0 0.0 0
41 0.0 0.0 0
42 0.0 0.0 0
43 0.0 0.0 0
44 0.0 0.0 0
45 0.0 0.0 0
46 0.0 0.0 0
47 0.0 0.0 0
48 0.0 0.0 0
49 0.0 0.0 0
50 0.0 0.0 0
51 0.0 0.0 0
52 0.0 0.0 0
53 0.0 0.0 0
54 0.0 0.0 0
55 0.0 0.0 0
56 0.0 0.0 0
57 0.0 0.0 0
58 0.0 0.0 0
59 0.0 0.0 0
60 -2300.2617280110107 699.1376272131126 0
61 -1423.7168698908342 1035.9686827720932 0
62 -1857.9257004834512 2852.397473446921 0
63 0.0 0.0 0
64 0.0 0.0 0
65 0.0 0.0 0
66 0.0 0.0 0
67 0.0 0.0 0
68 0.0 0.0 0
69 0.0 0.0 0
70 0.0 0.0 0
71 0.0 0.0 0
72 0.0 0.0 0
73 0.0 0.0 0
74 0.0 0.0 0
75 402.3504901683749 774.4998408336774 0
76 1448.1038213591455 364.2696425670469 0
77 3731.4499868578014 -726.2732668331324 0
78 0.0 0.0 0
79 0.0 0.0 0
80 0.0 0.0 0
81 0.0 0.0 0
82 0.0 0.0 0
83 0.0 0.0 0
84 0.0 0.0 0
85 0.0 0.0 0
86 0.0 0.0 0
87 0.0 0.0 0
88 0.0 0.0 0
89 0.0 0.0 0
90 0.0 0.0 0
91 0.0 0.0 0
92 0.0 0.0 0
93 0.0 0.0 0
94 0.0 0.0 0
95 0.0 0.0 0
96 0.0 0.0 0
97 0.0 0.0 0
98 0.0 0.0 0
99 0.0 0.0 0
100 0.0 0.0 0
101 0.0 0.0 0
102 0.0 0.0 0
103 0.0 0.0 0
104 0.0 0.0 0
105 0.0 0.0 0
106 0.0 0.0 0
107 0.0 0.0 0
108 0.0 0.0 0
109 0.0 0.0 0
110 0.0 0.0 0
111 0.0 0.0 0
112 0.0 0.0 0
113 0.0 0.0 0
114 0.0 0.0 0
115 0.0 0.0 0
116 0.0 0.0 0
117 0.0 0.0 0
118 0.0 0.0 0
119 0.0 0.0 0
120 0.0 0.0 0
121 0.0 0.0 0
122 0.0 0.0 0
123 0.0 0.0 0
124 0.0 0.0 0
125 0.0 0.0 0
126 0.0 0.0 0
127 0.0 0.0 0
128 0.0 0.0 0
129 0.0 0.0 0
130 0.0 0.0 0
131 0.0 0.0 0
132 0.0 0.0 0
133 0.0 0.0 0
134 0.0 0.0 0
135 0.0 0.0 0
136 0.0 0.0 0
137 0.0 0.0 0
138 0.0 0.0 0
139 0.0 0.0 0
140 0.0 0.0 0
141 0.0 0.0 0
142 0.0 0.0 0
143 0.0 0.0 0
144 0.0 0.0 0
145 0.0 0.0 0
146 0.0 0.0 0
147 0.0 0.0 0
148 0.0 0.0 0
149 0.0 0.0 0
150 0.0 0.0 0
151 0.0 0.0 0
152 0.0 0.0 0
153 0.0 0.0 0
154 0.0 0.0 0
155 0.0 0.0 0
156 0.0 0.0 0
157 0.0 0.0 0
158 0.0 0.0 0
159 0.0 0.0 0
160 0.0 0.0 0
161 0.0 0.0 0
162 0.0 0.0 0
163 0.0 0.0 0
164 0.0 0.0 0
165 0.0 0.0 0
166 0.0 0.0 0
167 0.0 0.0 0
168 0.0 0.0 0
169 0.0 0.0 0
170 0.0 0.0 0
171 0.0 0.0 0
172 0.0 0.0 0
173 0.0 0.0 0
174 0.0 0.0 0
175 0.0 0.0 0
176 0.0 0.0 0
177 0.0 0.0 0
178 0.0 0.0 0
179 0.0 0.0 0
180 0.0 0.0 0
181 0.0 0.0 0
182 0.0 0.0 0
183 0.0 0.0 0
184 0.0 0.0 0
185 0.0 0.0 0
186 0.0 0.0 0
187 0.0 0.0 0
188 0.0 0.0 0
189 0.0 0.0 0
190 0.0 0.0 0
191 0.0 0.0 0
192 0.0 0.0 0
193 0.0 0.0 0
194 0.0 0.0 0
195 0.0 0.0 0
196 0.0 0.0 0
197 0.0 0.0 0
198 0.0 0.0 0
199 0.0 0.0 0
200 0.0 0.0 0
201 0.0 0.0 0
202 0.0 0.0 0
203 0.0 0.0 0
204 0.0 0.0 0
205 0.0 0.0 0
206 0.0 0.0 0
207 0.0 0.0 0
208 0.0 0.0 0
209 0.0 0.0 0
210 0.0 0.0 0
211 0.0 0.0 0
212 0.0 0.0 0
213 0.0 0.0 0
214 0.0 0.0 0
215 0.0 0.0 0
216 0.0 0.0 0
217 0.0 0.0 0
218 0.0 0.0 0
219 0.0 0.0 0
220 0.0 0.0 0
221 0.0 0.0 0
222 0.0 0.0 0
223 0.0 0.0 0
224 0.0 0.0 0
225 0.0 0.0 0
226 0.0 0.0 0
227 0.0 0.0 0
228 0.0 0.0 0
229 0.0 0.0 0
230 0.0 0.0 0
231 0.0 0.0 0
232 0.0 0.0 0
233 0.0 0.0 0
234 0.0 0.0 0
235 0.0 0.0 0
236 0.0 0.0 0
237 0.0 0.0 0
238 0.0 0.0 0
239 0.0 0.0 0
240 0.0 0.0 0
241 0.0 0.0 0
242 0.0 0.0 0
243 0.0 0.0 0
244 0.0 0.0 0
245 0.0 0.0 0
246 0.0 0.0 0
247 0.0 0.0 0
248 0.0 0.0 0
249 0.0 0.0 0
250 0.0 0.0 0
251 0.0 0.0 0
252 0.0 0.0 0
253 0.0 0.0 0
254 0.0 0.0 0
255 0.0 0.0 0
256 0.0 0.0 0
257 0.0 0.0 0
258 0.0 0.0 0
259 0.0 0.0 0
260 0.0 0.0 0
261 0.0 0.0 0
262 0.0 0.0 0
263 0.0 0.0 0
264 0.0 0.0 0
265 0.0 0.0 0
266 0.0 0.0 0
267 0.0 0.0 0
268 0.0 0.0 0
269 0.0 0.0 0
270 0.0 0.0 0
271 0.0 0.0 0
272 0.0 0.0 0
273 0.0 0.0 0
274 0.0 0.0 0
275 0.0 0.0 0
276 0.0 0.0 0
277 0.0 0.0 0
278 0.0 0.0 0
279 0.0 0.0 0
280 0.0 0.0 0
281 0.0 0.0 0
282 0.0 0.0 0
283 0.0 0.0 0
284 0.0 0.0 0
285 0.0 0.0 0
286 0.0 0.0 0
287 0.0 0.0 0
288 0.0 0.0 0
289 0.0 0.0 0
290 0.0 0.0 0
291 0.0 0.0 0
292 0.0 0.0 0
293 0.0 0.0 0
294 0.0 0.0 0
295 0.0 0.0 0
296 0.0 0.0 0
297 0.0 0.0 0
298 0.0 0.0 0
299 0.0 0.0 0
300 0.0 0.0 0
301 0.0 0.0 0
302 0.0 0.0 0
303 0.0 0.0 0
304 0.0 0.0 0
305 0.0 0.0 0
306 0.0 0.0 0
307 0.0 0.0 0
308 0.0 0.0 0
309 0.0 0.0 0
310 0.0 0.0 0
311 0.0 0.0 0
312 0.0 0.0 0
313 0.0 0.0 0
314 0.0 0.0 0
315 0.0 0.0 0
316 0.0 0.0 0
317 0.0 0.0 0
318 0.0 0.0 0
319 0.0 0.0 0
320 0.0 0.0 0
321 0.0 0.0 0
322 0.0 0.0 0
323 0.0 0.0 0
324 0.0 0.0 0
325 0.0 0.0 0
326 0.0 0.0 0
327 0.0 0.0 0
328 0.0 0.0 0
329 0.0 0.0 0
330 0.0 0.0 0
331 0.0 0.0 0
332 0.0 0.0 0
333 0.0 0.0 0
334 0.0 0.0 0
335 0.0 0.0 0
336 0.0 0.0 0
337 0.0 0.0 0
338 0.0 0.0 0
339 0.0 0.0 0
340 0.0 0.0 0
341 0.0 0.0 0
342 0.0 0.0 0
343 0.0 0.0 0
344 0.0 0.0 0
345 0.0 0.0 0
346 0.0 0.0 0
347 0.0 0.0 0
348 0.0 0.0 0
349 0.0 0.0 0
350 0.0 0.0 0
$EndNodeData
$ElementData
1
"Tensiones(psi)"
1
0
3
0
1
620
79 -108.59098269480958
80 -13.93568844171898
81 1564.4659205495398
82 111.09906547160364
83 -3.183009411600324e-12
84 321.61553837873237
85 315.4890382086506
86 1427.7648312443166
87 2092.6006987204332
88 -36.88108728530071
89 -250.62273622850256
90 902.0659616569953
91 -92.61617588747777
92 -210.4230625175407
93 2054.2292058144694
94 1198.91631711591
95 1214.1407478253427
96 1409.9947471260327
97 -85.207364540772
98 2320.528999139687
99 2168.5636887863834
100 149.34967189344474
101 146.56066083257122
102 -152.36193856820682
103 136.57713889136693
104 1802.1681001493307
105 1834.0285500890864
106 -32.57393952639602
107 -46.2231656141677
108 102.98322788398423
109 1503.0913026243284
110 2260.5891016599217
111 1530.0314167790298
112 18.818165513835666
113 1845.6013875592005
114 441.8778740664311
115 1864.0037853011704
116 1861.60008931306
117 1998.707060954591
118 1758.2506922910572
119 -7.0338166557627915
120 19.2282069633076
121 2401.7180257907576
122 794.5938704035779
123 -33.3172458564128
124 1913.411430572557
125 1969.1091027271234
126 88.57923038206184
127 78.33189472823148
128 -0.893631043724838
129 80.38117486833255
130 -3.122171855997159
131 23.871609268878927
132 124.2426570304558
133 164.67823610354844
134 1856.5485718203722
135 272.4426549180165
136 86.78176840076753
137 406.96906295488316
138 609.2048634480975
139 79.60704749848563
140 1355.9492635703764
141 1079.5023596508627
142 284.42223487629747
143 908.7314403232649
144 86.82489774036029
145 879.1557301703285
146 1432.2420082087956
147 1755.0571825770676
148 1881.196183588698
149 1707.9190197407183
150 142.83435631469115
151 1646.6632438607542
152 190.5192144083693
153 2083.895995398168
154 1667.9368581958622
155 1696.8589598863052
156 30.85513305254196
157 150.72203115561723
158 -0.9224858845925663
159 122.97421961627572
160 979.8829902312812
161 1835.2172081654564
162 110.22571993855166
163 1445.387868139599
164 746.334227435095
165 2878.0715976376105
166 1486.5267425891457
167 107.45251556816595
168 88.84702252637305
169 1920.3251894048644
170 1240.1305110030041
171 1163.3839754350265
172 1345.3976216543333
173 1158.7257808296908
174 765.8162621594397
175 1517.163198361391
176 76.16209636277051
177 2052.264396751319
178 60.7243183226293
179 822.2545904621986
180 985.7911350841805
181 822.1443821197387
182 55.42791130876196
183 1403.3122021270697
184 845.4401860253461
185 2465.074243946701
186 989.6149442059901
187 1048.6839709648514
188 1292.056374336152
189 1282.347888853507
190 40.82776305712275
191 694.1179449436848
192 678.8976105294244
193 1027.8198832340531
194 951.3477694403905
195 2437.0033690091086
196 953.223433247657
197 147.24809228883169
198 1141.3293900368549
199 1640.2430525361679
200 678.2918468614071
201 1527.2214311858088
202 1397.7222916412447
203 860.5303808811598
204 14.037115773799087
205 2081.2909993048343
206 32.91131350476127
207 321.50210616613685
208 943.6107300929939
209 619.0397486409632
210 155.47260962365777
211 1698.860845175418
212 24.978304581708045
213 0.02882899768826519
214 2316.935264219048
215 562.061757065354
216 -3.9654484993273513
217 1202.1044668912868
218 135.7527138408795
219 496.9710997720987
220 804.1356725551304
221 1047.9664044418143
222 40.87028558241536
223 1534.6984928987677
224 915.4187250632235
225 11.943480283621511
226 1514.1209288010132
227 -16.37717425264168
228 -2.1138103538911537
229 134.29887181448873
230 947.4305539847961
231 514.6117722846049
232 104.13711986958674
233 -2.558198128297562
234 1296.2064076559827
235 1556.8748826466576
236 905.2457208388914
237 1421.3488184456364
238 515.7384156278562
239 1471.8214351087972
240 801.5533649795573
241 -7.138713811219191
242 1402.7646966383434
243 692.2194959438718
244 2118.926341716342
245 1281.2585547411923
246 1544.5922602178962
247 20.983556963179353
248 614.9384791084971
249 2091.6859333666494
250 57.07453086372095
251 44.506243839523336
252 864.7927687638179
253 1304.5224664673972
254 27.964601303792506
255 1467.6523370024975
256 337.6010690808264
257 557.6333235048085
258 904.9118257069024
259 1180.8003356067584
260 1354.1285893536988
261 -13.3304593836001
262 1176.8346315327058
263 1227.3856311113884
264 86.56111727935865
265 1047.4239378663817
266 1673.0759900438375
267 1486.2459275145106
268 1035.1816737115937
269 1270.3803136226682
270 460.3590063853578
271 1065.8243865562586
272 1237.5039058922337
273 4618.070978753576
274 767.144118083964
275 929.5276651363325
276 980.5371722162299
277 1535.0286106067515
278 1243.5957352973342
279 466.98703831773076
280 761.0629098411234
281 394.37210978881933
282 14.842129118227376
283 892.7160856050577
284 1480.6360931293455
285 170.766876629011
286 24.509980585723724
287 685.2787937659037
288 975.8263920028801
289 899.0506414112215
290 -17.61150087955923
291 1247.1886458290865
292 128.67589795423993
293 361.4086725871909
294 2.754105957459018
295 12.960852325238761
296 73.90528671278895
297 682.5555451606078
298 -4.3564621222096775
299 1119.5879340604538
300 23.63808110003606
301 1394.5344657495457
302 706.0334248024243
303 1528.292182793311
304 1769.3611261360884
305 77.85842327172156
306 39.21566485856775
307 1688.6952518344306
308 -2.6055582783797604
309 1078.1221066959524
310 1829.9878779853475
311 62.423075192847364
312 -1.734480546116032
313 20.538436667102758
314 -92.81956075104898
315 -4.266123443099808
316 1059.9657553296006
317 427.0572009592559
318 14.180625232944635
319 -4.029072138576566
320 461.5180049591574
321 15.11672670279836
322 359.35231050910664
323 630.0159515511122
324 424.99084366962524
325 391.55695768407173
326 573.0048340426066
327 35.11704832615868
328 -26.623715416666016
329 -145.89300937802895
330 134.0021032346068
331 1365.5535649087233
332 688.35427480523
333 783.887188069848
334 212.09038687261653
335 -111.13613929961184
336 6.278175789156876
337 1368.2823188879959
338 614.4134356339823
339 552.3066753281521
340 503.21459149139804
341 889.4039307895874
342 3.801041302371914
343 -80.7357816386293
344 135.9706679438957
345 321.46943980991864
346 1421.7770463637057
347 27.43779127819022
348 12.773081139530177
349 772.6774510660516
350 9.491598718636396
351 62.9832429603299
352 -86.63648874814862
353 798.2265551941537
354 1.1195696863773037
355 1150.3495992671692
356 112.63200178032076
357 54.64709283472234
358 26.00173736942338
359 -199.73839302141505
360 502.3046638100749
361 18.60778510288992
362 1264.627976777973
363 20.0022680679092
364 37.39556768065722
365 1394.2522866230115
366 17.07659467723022
367 37.264424448834234
368 106.1924493623597
369 48.67124326018288
370 1778.4102189177918
371 1539.3369753477652
372 52.10161487779402
373 -340.9551465678958
374 111.79370038500008
375 30.926627359951027
376 196.7728448631914
377 -128.71841164953088
378 -28.4458902947419
379 504.5372446487818
380 212.55129271933458
381 75.54299226812782
382 224.34465590041518
383 226.72711132834115
384 1016.6292813641818
385 1253.3149070613922
386 137.8069958967905
387 686.2193615999206
388 869.429136739743
389 602.1066209318501
390 163.59575128218933
391 37.2918049797139
392 158.12748965967137
393 237.33292875591513
394 180.01618936862297
395 322.90317387742084
396 437.36748422428013
397 143.4444358327268
398 1133.148259016334
399 497.7104973127389
400 840.5000604824777
401 249.7371374676518
402 161.66241905810978
403 268.7598122999206
404 161.44709909687418
405 -25.53575389984462
406 290.7052308575775
407 191.3273958387672
408 -162.0924293660766
409 312.7740284367615
410 88.1869252073542
411 169.68640954543912
412 101.26062986374075
413 2374.846899737414
414 2215.086109643394
415 166.2607934992385
416 454.255095938993
417 131.59042132769207
418 -203.5857796338567
419 133.13792626531472
420 632.0233149144742
421 117.408160077106
422 112.36252446822903
423 2148.7526341435932
424 2098.1375245851696
425 553.1157312454064
426 2025.4062371979915
427 170.84003600275344
428 1520.2805859267714
429 348.77427842247494
430 722.2537204915866
431 142.38190028951033
432 279.537395392659
433 830.9258847734195
434 135.59180485250593
435 2689.978000477152
436 1581.4241859303859
437 1034.4725340932591
438 134.330783471579
439 1599.7381281940552
440 1336.5917434158569
441 1078.7693475553967
442 201.8671407469588
443 170.19827071021587
444 218.50022418886434
445 390.2506083731474
446 135.3013279842369
447 517.3189493205884
448 1281.3500400439218
449 1307.3893036185568
450 640.796739964431
451 362.6985291656058
452 235.1301577975711
453 3195.201441477488
454 279.05564004455357
455 166.83916610994845
456 1596.179298070094
457 1343.7573125645877
458 128.4809563137339
459 322.7824882737635
460 87.84132540580742
461 185.00825389888462
462 1938.3783167663844
463 161.42756546170656
464 234.542835276141
465 3261.5356875809603
466 551.2828269653256
467 1869.4761993641987
468 1843.7706761101617
469 222.22873508721773
470 94.80098990790277
471 597.4882673814316
472 1008.580708644393
473 274.9187194929567
474 220.54264919519548
475 473.26585569997013
476 1371.9171575356374
477 3444.956315996463
478 221.03707168205747
479 1185.6044108639148
480 114.88680360770209
481 425.44037880235163
482 1439.096474381992
483 260.1169515825652
484 122.47607612995412
485 69.84105272246859
486 129.1696434275408
487 94.96257737242826
488 3276.917648317919
489 103.71260180240863
490 925.3858701072279
491 1403.4100477513748
492 1016.6470051896756
493 1797.6351379964863
494 147.0243032302539
495 179.68531390520153
496 218.78869628115132
497 1120.9436258977762
498 1240.6799432558837
499 765.0054731881545
500 272.9501296400505
501 3408.0108583069787
502 1296.9607575489244
503 49.34686212320711
504 2461.0424095241024
505 123.99948692043608
506 1217.176447945546
507 937.4608388344932
508 2461.2370318805333
509 417.15305135097384
510 718.0764276075831
511 80.45832757173281
512 106.17775420721534
513 2355.441024926503
514 158.6657494390558
515 130.4152308024871
516 2242.6076627089706
517 112.81574360648744
518 2354.243155776128
519 178.5841448642066
520 667.7669363267687
521 51.65716663055355
522 1728.9145666187046
523 1008.6407426132902
524 242.25820461491628
525 1378.0758769845993
526 1010.282149185135
527 2339.8513983459397
528 979.9567676533294
529 1322.1610284190447
530 761.7784266270371
531 23.083274444909733
532 1736.1365632686304
533 2873.531936691542
534 970.6861914708452
535 654.3116860712606
536 796.5279654172527
537 243.8865983257872
538 2411.670310385831
539 59.19877982356914
540 380.9670788180125
541 81.31598214893347
542 114.52372982927727
543 362.1538938457494
544 320.63411871685844
545 1139.784985871288
546 188.16014450843468
547 120.31388394000953
548 99.80631036815805
549 41.23011127650109
550 -29.109464474790684
551 1527.7834823836233
552 635.8827342187744
553 2436.584935943488
554 1353.4851916185653
555 1993.8756645325298
556 1816.6481126588774
557 434.56368831983025
558 1408.1922413146492
559 53.99634663575111
560 279.8894758494777
561 6.896577385898354
562 3018.0411892340517
563 1644.4569854032634
564 91.19520971310835
565 22.27125815427894
566 1438.3010190607674
567 1437.349047423028
568 -224.64298565989685
569 1631.653549875637
570 -112.32189994335187
571 -259.7352590694769
572 313.813610844115
573 -62.74308899524328
574 86.00870343262119
575 -75.69539260214486
576 1559.8200652204443
577 2113.1100612582504
578 1382.024500810482
579 1471.5083713271101
580 101.20085436363377
581 50.43779992375087
582 147.15395247819788
583 96.93572619161671
584 -341.7017755154129
585 335.7351079294869
586 895.0028926719255
587 157.07302086353923
588 1287.6343394673822
589 1294.0608490061425
590 -38.015212731144985
591 2252.7744232913547
592 1810.9264207841127
593 315.787054785304
594 1564.5686828404769
595 21.452720468466765
596 2043.3952473490845
597 -30.812187905668793
598 2521.474151579305
599 60.05206521673614
600 1467.7823235668625
601 1301.9538741840506
602 1387.2455263760917
603 82.57926826446361
604 81.24967197712553
605 2237.6782123728594
606 2594.2903031153355
607 2100.7819661985973
608 98.84771975184424
609 1623.410589984912
610 1597.989007545882
611 2396.4712824543044
612 1668.975329376131
613 2394.446252191801
614 1030.912738298634
615 41.21056048293206
616 -173.97839448973917
617 992.440552910763
618 -231.38200693952535
619 66.72391136818965
620 1346.6362829159802
621 1404.762009539863
622 2009.6430520358426
623 1672.2379321159187
624 40.94420863573163
625 802.4757888734429
626 11.139714239674163
627 4.643841924670729
628 2517.2826128292354
629 -21.2406295053039
630 1484.9334051669653
631 1520.920243898943
632 1923.1094078279193
633 882.2772467017287
634 1228.8709576723957
635 1980.5364479592213
636 108.87335300704171
637 2086.1801772137087
638 49.58635932204268
639 112.24686207655964
640 19.988956315937514
641 597.6582824838771
642 22.60001440398264
643 290.3242806241669
644 121.06571300073153
645 90.36448582979722
646 42.59151728573411
647 1375.768028850469
648 1573.596777982117
649 1759.3300698526282
650 -328.8125626672761
651 1918.3278467179157
652 57.56529688480748
653 1617.2024430955053
654 94.6015839723774
655 -316.15089899656317
656 1717.3494092753492
657 969.7877436086895
658 -0.6183287473278369
659 1459.259354234912
660 2986.3945037104922
661 1465.3744582916102
662 86.78361333599335
663 19.99633074838721
664 397.98702023686684
665 18.97189720476762
666 127.83365992477917
667 1033.911600593175
668 -22.203881426643903
669 1680.2246010342783
670 71.9762555348014
671 1454.5602260947735
672 81.61158546530703
673 -1.1850230603073584
674 136.7370289963985
675 25.198376009013188
676 102.79905290819033
677 1134.0913947718095
678 1985.9185152366642
679 145.21023171262686
680 2359.08907265989
681 337.53554346616806
682 1833.1874109700898
683 1668.663915565449
684 1818.7085630265638
685 2229.5231119850864
686 2429.349183026311
687 1978.8097744763793
688 111.07782922424946
689 1437.5462426653762
690 -17.433191956425503
691 870.8478783398783
692 163.55418589649256
693 1766.6710964871222
694 1633.8225532990546
695 4.694392736392359
696 1784.1048236715342
697 147.84966076168422
698 1404.8277676192324
$EndElementData