$MeshFormat
2.2 0 8
$EndMeshFormat
$PhysicalNames
5
1 1 "lado_1"
1 2 "lado_2"
1 7 "lado_4"
1 8 "lado_3"
2 24 "surf"
$EndPhysicalNames
$Nodes
13
1 0 0 0
2 20 0 0
3 20 10 0
4 0 10 0
5 6.666666666652521 0 0
6 13.33333333332317 0 0
7 20 4.999999999992392 0
8 13.33333333333333 10 0
9 6.666666666666696 10 0
10 0 5.000000000000007 0
11 9.999999999993918 4.999999999998002 0
12 14.999999999994 5.27777777776936 0
13 4.999999999993791 4.722222222218659 0
$EndNodes
$Elements
24
1 1 2 7 1 1 5
2 1 2 7 1 5 6
3 1 2 7 1 6 2
4 1 2 8 2 2 7
5 1 2 8 2 7 3
6 1 2 2 3 3 8
7 1 2 2 3 8 9
8 1 2 2 3 9 4
9 1 2 1 4 4 10
10 1 2 1 4 10 1
11 2 2 24 1 2 7 12
12 2 2 24 1 4 10 13
13 2 2 24 1 6 2 12
14 2 2 24 1 9 4 13
15 2 2 24 1 7 3 12
16 2 2 24 1 10 1 13
17 2 2 24 1 3 8 12
18 2 2 24 1 1 5 13
19 2 2 24 1 5 6 11
20 2 2 24 1 8 9 11
21 2 2 24 1 11 9 13
22 2 2 24 1 11 6 12
23 2 2 24 1 8 11 12
24 2 2 24 1 5 11 13
$EndElements
$NodeData
1
"Dezplazamientos(m)"
1
0
3
0
3
13
1 0.0 0.0 0
2 0.0006571695258121296 4.8418886874021646e-05 0
3 0.0006582936255487702 -5.2539647313958504e-05 0
4 0.0 0.0 0
5 0.0002169486509250702 5.088160579918948e-05 0
6 0.00043531572731089475 4.9177613547269434e-05 0
7 0.0006569346071193018 -2.0288952553179597e-06 0
8 0.0004365945049312892 -5.160312437888455e-05 0
9 0.00021817478004367588 -5.119051284666192e-05 0
10 0.0 0.0 0
11 0.0003215569731321945 -8.020635990205237e-07 0
12 0.0004898751234980646 -4.2634218120156104e-06 0
13 0.00014882937446022483 1.961183631585263e-06 0
$EndNodeData
$NodeData
1
"Fuerzas(N)"
1
0
3
0
3
13
1 -2546.7685528504053 -922.0430057276244 0
2 2499.999999996196 0.0 0
3 2500.000000003804 0.0 0
4 -2546.7685528503944 944.6720476305597 0
5 0.0 0.0 0
6 0.0 0.0 0
7 5000.0 0.0 0
8 0.0 0.0 0
9 0.0 0.0 0
10 -4906.4628942992185 -22.629041902934844 0
11 0.0 0.0 0
12 0.0 0.0 0
13 0.0 0.0 0
$EndNodeData
$ElementData
1
"Tensiones(psi)"
1
0
3
0
1
14
11 1001.6216494149833
12 981.3223967505267
13 997.3014962883249
14 1006.6486728532236
15 1002.0808188872272
16 981.322396750527
17 996.6899205195318
18 1000.1553041177336
19 979.4751908974408
20 980.1838464715918
21 1035.7542666969834
22 1010.6291540633142
23 1009.1319965135887
24 1041.0960869824758
$EndElementData